Date	Open	High	Low	Close	SMAVG (50)  on Close	SMAVG (100)  on Close	SMAVG (200)  on Close	Volume	SMAVG (15)
2017-05-31 15:00:00	1808.302	1808.302	1808.302	1808.302	1817.284	1815.043	1804.186	0	0
2017-05-31 14:55:00	1807.662	1808.341	1807.661	1808.309	1817.680	1815.135	1804.046	0	0
2017-05-31 14:50:00	1809.075	1809.189	1807.485	1807.640	1818.080	1815.216	1803.906	0	0
2017-05-31 14:45:00	1809.523	1809.618	1808.381	1809.025	1818.129	1815.262	1803.716	0	0
2017-05-31 14:40:00	1811.501	1811.501	1809.585	1809.585	1818.151	1815.277	1803.520	0	0
2017-05-31 14:35:00	1811.019	1811.730	1810.881	1811.505	1818.174	1815.300	1803.280	0	0
2017-05-31 14:30:00	1812.533	1812.533	1810.940	1811.011	1818.199	1815.301	1803.035	0	0
2017-05-31 14:25:00	1811.993	1812.683	1811.920	1812.537	1818.200	1815.307	1802.871	0	0
2017-05-31 14:20:00	1813.023	1813.565	1811.946	1811.963	1818.141	1815.305	1802.713	0	0
2017-05-31 14:15:00	1814.925	1814.927	1812.942	1812.947	1818.136	1815.306	1802.601	0	0
2017-05-31 14:10:00	1814.626	1815.867	1814.451	1814.887	1818.101	1815.292	1802.481	0	0
2017-05-31 14:05:00	1815.648	1815.932	1814.578	1814.631	1818.044	1815.286	1802.350	0	0
2017-05-31 14:00:00	1815.389	1815.605	1815.176	1815.531	1818.012	1815.295	1802.228	0	0
2017-05-31 13:55:00	1812.355	1815.355	1812.174	1815.332	1817.911	1815.252	1802.131	0	0
2017-05-31 13:50:00	1815.990	1815.990	1812.350	1812.375	1817.829	1815.211	1802.043	0	0
2017-05-31 13:45:00	1816.805	1816.880	1815.884	1815.899	1817.873	1815.216	1801.979	0	0
2017-05-31 13:40:00	1816.778	1817.033	1816.498	1816.862	1817.871	1815.142	1801.894	0	0
2017-05-31 13:35:00	1814.708	1816.838	1814.555	1816.706	1817.834	1815.040	1801.802	0	0
2017-05-31 13:30:00	1815.770	1815.812	1814.709	1814.721	1817.761	1814.990	1801.730	0	0
2017-05-31 13:25:00	1815.978	1816.010	1815.468	1815.824	1817.773	1814.926	1801.670	0	0
2017-05-31 13:20:00	1815.112	1816.185	1814.597	1815.989	1817.752	1814.862	1801.618	0	0
2017-05-31 13:15:00	1816.252	1816.317	1815.143	1815.182	1817.716	1814.825	1801.545	0	0
2017-05-31 13:10:00	1814.255	1816.314	1814.233	1816.314	1817.691	1814.682	1801.483	0	0
2017-05-31 13:05:00	1815.868	1815.937	1814.286	1814.290	1817.612	1814.498	1801.420	0	0
2017-05-31 13:00:00	1816.307	1816.400	1815.769	1815.889	1817.534	1814.240	1801.347	0	0
2017-05-31 12:55:00	1816.301	1816.301	1816.301	1816.301	1817.433	1813.975	1801.267	0	0
2017-05-31 11:30:00	1816.318	1816.318	1816.318	1816.318	1817.339	1813.715	1801.194	0	0
2017-05-31 11:25:00	1819.098	1819.180	1816.170	1816.346	1817.235	1813.411	1801.134	0	0
2017-05-31 11:20:00	1817.098	1819.354	1817.078	1819.104	1817.140	1813.111	1801.024	0	0
2017-05-31 11:15:00	1816.689	1816.951	1816.380	1816.951	1816.988	1812.780	1800.903	0	0
2017-05-31 11:10:00	1817.346	1817.410	1816.650	1816.650	1816.878	1812.483	1800.823	0	0
2017-05-31 11:05:00	1819.775	1819.775	1817.261	1817.309	1816.748	1812.188	1800.764	0	0
2017-05-31 11:00:00	1821.208	1821.229	1819.781	1819.781	1816.533	1811.887	1800.707	0	0
2017-05-31 10:55:00	1821.473	1822.349	1821.219	1821.219	1816.303	1811.527	1800.657	0	0
2017-05-31 10:50:00	1819.640	1821.412	1819.251	1821.412	1816.044	1811.134	1800.614	0	0
2017-05-31 10:45:00	1820.006	1820.078	1819.526	1819.606	1815.759	1810.744	1800.569	0	0
2017-05-31 10:40:00	1818.036	1820.055	1818.036	1820.006	1815.572	1810.348	1800.533	0	0
2017-05-31 10:35:00	1819.601	1819.641	1817.870	1818.173	1815.370	1809.978	1800.514	0	0
2017-05-31 10:30:00	1820.927	1820.927	1819.592	1819.592	1815.207	1809.631	1800.517	0	0
2017-05-31 10:25:00	1822.852	1822.987	1820.956	1820.961	1815.079	1809.259	1800.525	0	0
2017-05-31 10:20:00	1822.604	1823.411	1822.604	1822.875	1814.932	1808.843	1800.531	0	0
2017-05-31 10:15:00	1822.377	1822.620	1821.231	1822.620	1814.756	1808.438	1800.539	0	0
2017-05-31 10:10:00	1824.151	1824.484	1822.317	1822.317	1814.617	1808.055	1800.538	0	0
2017-05-31 10:05:00	1825.374	1825.374	1823.889	1824.075	1814.499	1807.728	1800.526	0	0
2017-05-31 10:00:00	1826.056	1826.460	1825.439	1825.439	1814.380	1807.375	1800.498	0	0
2017-05-31 09:55:00	1827.807	1827.807	1825.688	1826.102	1814.152	1806.997	1800.466	0	0
2017-05-31 09:50:00	1828.513	1829.721	1827.938	1827.945	1813.918	1806.657	1800.421	0	0
2017-05-31 09:45:00	1828.792	1829.057	1828.193	1828.520	1813.587	1806.319	1800.374	0	0
2017-05-31 09:40:00	1822.630	1828.843	1822.306	1828.783	1813.278	1805.990	1800.344	0	0
2017-05-31 09:35:00	1828.220	1828.572	1822.554	1822.554	1812.962	1805.657	1800.311	0	0
2017-05-31 09:30:00	1831.331	1834.736	1827.481	1828.081	1812.801	1805.358	1800.317	0	0
2017-05-31 09:25:00	1828.015	1828.310	1828.015	1828.310	1812.590	1805.046	1800.305	0	0
2017-05-26 15:00:00	1810.111	1810.111	1810.111	1810.111	1812.352	1804.717	1800.294	0	0
2017-05-26 14:55:00	1810.651	1810.657	1809.957	1810.132	1812.394	1804.628	1800.340	0	0
2017-05-26 14:50:00	1812.787	1812.836	1810.642	1810.695	1812.403	1804.532	1800.391	0	0
2017-05-26 14:45:00	1811.115	1812.811	1811.115	1812.796	1812.427	1804.383	1800.435	0	0
2017-05-26 14:40:00	1809.557	1811.116	1809.134	1811.032	1812.403	1804.211	1800.451	0	0
2017-05-26 14:35:00	1811.721	1811.721	1809.526	1809.599	1812.413	1804.090	1800.491	0	0
2017-05-26 14:30:00	1811.259	1812.362	1811.259	1811.695	1812.469	1803.974	1800.536	0	0
2017-05-26 14:25:00	1811.961	1811.974	1810.901	1811.227	1812.477	1803.828	1800.606	0	0
2017-05-26 14:20:00	1813.198	1813.198	1811.996	1811.996	1812.483	1803.652	1800.667	0	0
2017-05-26 14:15:00	1810.555	1813.246	1810.543	1813.058	1812.528	1803.445	1800.748	0	0
2017-05-26 14:10:00	1811.274	1811.288	1810.381	1810.495	1812.577	1803.253	1800.823	0	0
2017-05-26 14:05:00	1814.481	1814.481	1811.207	1811.207	1812.593	1803.102	1800.910	0	0
2017-05-26 14:00:00	1815.874	1815.970	1814.548	1814.573	1812.594	1802.928	1800.983	0	0
2017-05-26 13:55:00	1815.068	1815.979	1815.068	1815.815	1812.559	1802.671	1801.033	0	0
2017-05-26 13:50:00	1813.147	1815.049	1812.418	1815.005	1812.412	1802.382	1801.106	0	0
2017-05-26 13:45:00	1815.350	1815.350	1813.080	1813.080	1812.247	1802.063	1801.184	0	0
2017-05-26 13:40:00	1814.851	1815.462	1814.799	1815.296	1812.218	1801.774	1801.256	0	0
2017-05-26 13:35:00	1814.154	1814.807	1813.932	1814.786	1812.079	1801.476	1801.351	0	0
2017-05-26 13:30:00	1813.956	1814.887	1813.956	1814.153	1811.972	1801.149	1801.452	0	0
2017-05-26 13:25:00	1812.423	1814.014	1812.385	1813.969	1811.934	1800.817	1801.567	0	0
2017-05-26 13:20:00	1810.383	1812.405	1810.383	1812.372	1811.672	1800.455	1801.688	0	0
2017-05-26 13:15:00	1810.864	1810.901	1809.889	1810.352	1811.383	1800.146	1801.792	0	0
2017-05-26 13:10:00	1811.614	1811.778	1810.856	1810.856	1810.946	1799.854	1801.904	0	0
2017-05-26 13:05:00	1811.078	1811.651	1810.704	1811.581	1810.516	1799.569	1802.005	0	0
2017-05-26 13:00:00	1811.869	1812.264	1811.095	1811.152	1810.091	1799.283	1802.130	0	0
2017-05-26 12:55:00	1811.590	1811.590	1811.590	1811.590	1809.587	1799.017	1802.256	0	0
2017-05-26 11:30:00	1811.480	1811.480	1811.480	1811.480	1809.082	1798.728	1802.379	0	0
2017-05-26 11:25:00	1810.165	1811.482	1810.153	1811.482	1808.572	1798.458	1802.521	0	0
2017-05-26 11:20:00	1806.600	1810.165	1806.600	1810.135	1808.087	1798.203	1802.664	0	0
2017-05-26 11:15:00	1808.288	1808.288	1805.873	1806.552	1807.628	1797.984	1802.811	0	0
2017-05-26 11:10:00	1808.333	1808.571	1808.191	1808.266	1807.241	1797.822	1802.991	0	0
2017-05-26 11:05:00	1807.179	1808.416	1807.093	1808.302	1806.751	1797.641	1803.175	0	0
2017-05-26 11:00:00	1810.233	1810.233	1807.073	1807.152	1806.225	1797.461	1803.353	0	0
2017-05-26 10:55:00	1809.956	1810.251	1809.625	1810.251	1805.729	1797.296	1803.536	0	0
2017-05-26 10:50:00	1809.977	1810.049	1809.568	1809.933	1805.124	1797.096	1803.706	0	0
2017-05-26 10:45:00	1813.044	1813.289	1809.981	1809.981	1804.585	1796.890	1803.877	0	0
2017-05-26 10:40:00	1813.595	1813.595	1812.447	1813.207	1804.055	1796.692	1804.048	0	0
2017-05-26 10:35:00	1814.080	1814.562	1813.589	1813.589	1803.439	1796.431	1804.194	0	0
2017-05-26 10:30:00	1815.651	1815.653	1813.812	1814.109	1802.754	1796.146	1804.340	0	0
2017-05-26 10:25:00	1816.274	1816.372	1815.644	1815.644	1802.119	1795.879	1804.499	0	0
2017-05-26 10:20:00	1818.061	1818.141	1816.362	1816.431	1801.494	1795.598	1804.655	0	0
2017-05-26 10:15:00	1813.972	1818.135	1813.963	1818.135	1800.958	1795.317	1804.805	0	0
2017-05-26 10:10:00	1814.361	1814.878	1814.029	1814.029	1800.369	1795.049	1804.972	0	0
2017-05-26 10:05:00	1811.524	1814.533	1811.524	1814.395	1799.842	1794.843	1805.161	0	0
2017-05-26 10:00:00	1812.976	1813.099	1810.010	1811.423	1799.397	1794.577	1805.343	0	0
2017-05-26 09:55:00	1812.971	1813.055	1811.374	1813.033	1799.050	1794.326	1805.547	0	0
2017-05-26 09:50:00	1814.591	1814.591	1812.983	1812.983	1798.702	1794.051	1805.748	0	0
2017-05-26 09:45:00	1817.596	1818.310	1814.498	1814.536	1798.353	1793.706	1805.944	0	0
2017-05-26 09:40:00	1816.440	1817.552	1815.574	1817.502	1797.915	1793.329	1806.143	0	0
2017-05-26 09:35:00	1812.081	1816.419	1811.843	1816.404	1797.502	1792.958	1806.328	0	0
2017-05-26 09:30:00	1810.146	1813.197	1809.839	1812.229	1797.082	1792.597	1806.529	0	0
2017-05-26 09:25:00	1810.536	1810.583	1810.536	1810.583	1796.861	1792.169	1806.759	0	0
2017-05-25 15:00:00	1811.903	1811.903	1811.903	1811.903	1796.661	1791.763	1806.990	0	0
2017-05-25 14:55:00	1811.433	1811.625	1811.303	1811.601	1796.339	1791.260	1807.208	0	0
2017-05-25 14:50:00	1812.458	1812.501	1811.528	1811.538	1796.019	1790.768	1807.425	0	0
2017-05-25 14:45:00	1812.062	1812.460	1812.040	1812.377	1795.766	1790.435	1807.652	0	0
2017-05-25 14:40:00	1811.503	1812.224	1811.317	1812.092	1795.480	1790.122	1807.870	0	0
2017-05-25 14:35:00	1814.282	1814.282	1811.527	1811.527	1795.179	1789.895	1808.076	0	0
2017-05-25 14:30:00	1815.441	1815.838	1814.254	1814.254	1794.822	1789.669	1808.253	0	0
2017-05-25 14:25:00	1811.270	1815.530	1811.047	1815.512	1794.362	1789.415	1808.438	0	0
2017-05-25 14:20:00	1811.324	1811.489	1811.112	1811.266	1793.929	1789.162	1808.619	0	0
2017-05-25 14:15:00	1812.834	1813.096	1811.259	1811.281	1793.612	1789.010	1808.832	0	0
2017-05-25 14:10:00	1808.405	1812.814	1808.405	1812.814	1793.262	1788.874	1809.042	0	0
2017-05-25 14:05:00	1806.728	1808.510	1806.728	1808.479	1792.783	1788.743	1809.243	0	0
2017-05-25 14:00:00	1811.504	1811.519	1806.598	1806.738	1792.351	1788.646	1809.460	0	0
2017-05-25 13:55:00	1808.401	1812.158	1808.244	1811.616	1791.879	1788.563	1809.685	0	0
2017-05-25 13:50:00	1809.562	1809.679	1808.008	1808.388	1791.330	1788.470	1809.897	0	0
2017-05-25 13:45:00	1812.235	1812.235	1808.764	1809.439	1790.872	1788.414	1810.123	0	0
2017-05-25 13:40:00	1800.863	1812.573	1800.829	1812.240	1790.326	1788.373	1810.357	0	0
2017-05-25 13:35:00	1798.097	1801.265	1798.097	1800.855	1789.699	1788.265	1810.568	0	0
2017-05-25 13:30:00	1788.594	1797.953	1788.424	1797.953	1789.238	1788.284	1810.844	0	0
2017-05-25 13:25:00	1789.375	1789.431	1788.075	1788.471	1788.909	1788.343	1811.141	0	0
2017-05-25 13:20:00	1790.414	1791.145	1789.370	1789.370	1788.762	1788.455	1811.454	0	0
2017-05-25 13:15:00	1785.963	1790.330	1785.877	1790.328	1788.623	1788.560	1811.761	0	0
2017-05-25 13:10:00	1786.410	1787.200	1785.935	1785.935	1788.474	1788.674	1812.065	0	0
2017-05-25 13:05:00	1785.908	1786.373	1785.881	1786.373	1788.447	1788.857	1812.376	0	0
2017-05-25 13:00:00	1787.539	1788.302	1785.917	1785.956	1788.373	1788.936	1812.675	0	0
2017-05-25 12:55:00	1787.236	1787.236	1787.236	1787.236	1788.344	1789.026	1812.990	0	0
2017-05-25 11:30:00	1787.183	1787.183	1787.183	1787.183	1788.320	1789.163	1813.305	0	0
2017-05-25 11:25:00	1784.030	1787.182	1784.030	1787.182	1788.340	1789.339	1813.624	0	0
2017-05-25 11:20:00	1781.914	1783.768	1781.768	1783.768	1788.402	1789.528	1813.949	0	0
2017-05-25 11:15:00	1782.461	1782.553	1781.928	1782.000	1788.532	1789.788	1814.286	0	0
2017-05-25 11:10:00	1779.956	1782.647	1779.913	1782.378	1788.698	1790.093	1814.623	0	0
2017-05-25 11:05:00	1782.939	1782.939	1779.958	1779.991	1788.863	1790.393	1814.966	0	0
2017-05-25 11:00:00	1783.526	1784.005	1782.960	1782.972	1789.068	1790.718	1815.321	0	0
2017-05-25 10:55:00	1782.448	1783.521	1782.127	1783.521	1789.196	1791.050	1815.671	0	0
2017-05-25 10:50:00	1779.384	1782.378	1779.146	1782.378	1789.329	1791.403	1816.016	0	0
2017-05-25 10:45:00	1782.300	1782.413	1779.358	1779.358	1789.423	1791.791	1816.367	0	0
2017-05-25 10:40:00	1784.238	1784.278	1781.427	1782.362	1789.539	1792.220	1816.734	0	0
2017-05-25 10:35:00	1789.733	1789.822	1784.376	1784.376	1789.639	1792.640	1817.089	0	0
2017-05-25 10:30:00	1788.712	1789.868	1788.712	1789.615	1789.701	1793.020	1817.444	0	0
2017-05-25 10:25:00	1787.723	1788.899	1787.693	1788.711	1789.676	1793.324	1817.779	0	0
2017-05-25 10:20:00	1792.179	1792.254	1787.475	1787.670	1789.728	1793.621	1818.125	0	0
2017-05-25 10:15:00	1794.022	1794.082	1791.854	1792.154	1789.843	1793.935	1818.472	0	0
2017-05-25 10:10:00	1795.570	1796.467	1794.068	1794.068	1789.758	1794.184	1818.791	0	0
2017-05-25 10:05:00	1795.540	1795.967	1795.535	1795.615	1789.603	1794.430	1819.097	0	0
2017-05-25 10:00:00	1792.579	1795.556	1792.088	1795.550	1789.400	1794.698	1819.389	0	0
2017-05-25 09:55:00	1796.834	1796.950	1792.637	1792.637	1789.059	1794.965	1819.690	0	0
2017-05-25 09:50:00	1795.330	1796.861	1795.088	1796.861	1788.743	1795.276	1820.010	0	0
2017-05-25 09:45:00	1801.050	1801.050	1795.406	1795.406	1788.413	1795.564	1820.316	0	0
2017-05-25 09:40:00	1800.692	1802.333	1800.546	1801.173	1788.112	1795.871	1820.638	0	0
2017-05-25 09:35:00	1795.520	1800.580	1793.180	1800.580	1787.478	1796.052	1820.934	0	0
2017-05-25 09:30:00	1794.827	1797.168	1794.198	1795.784	1786.866	1796.249	1821.226	0	0
2017-05-25 09:25:00	1795.683	1795.683	1795.630	1795.630	1786.182	1796.487	1821.526	0	0
2017-05-24 15:00:00	1798.869	1798.869	1798.869	1798.869	1785.517	1796.690	1821.829	0	0
2017-05-24 14:55:00	1797.100	1798.079	1796.993	1798.079	1785.104	1796.893	1822.116	0	0
2017-05-24 14:50:00	1793.739	1797.041	1793.707	1797.041	1784.763	1797.097	1822.413	0	0
2017-05-24 14:45:00	1791.297	1793.780	1791.071	1793.688	1784.612	1797.384	1822.705	0	0
2017-05-24 14:40:00	1794.022	1794.337	1791.235	1791.235	1784.517	1797.681	1823.018	0	0
2017-05-24 14:35:00	1795.419	1795.419	1793.226	1793.880	1784.468	1798.051	1823.352	0	0
2017-05-24 14:30:00	1793.956	1796.067	1793.934	1795.410	1784.395	1798.394	1823.682	0	0
2017-05-24 14:25:00	1788.767	1793.768	1788.449	1793.768	1784.409	1798.717	1824.012	0	0
2017-05-24 14:20:00	1786.829	1788.973	1786.829	1788.863	1784.486	1799.038	1824.323	0	0
2017-05-24 14:15:00	1783.108	1786.906	1783.098	1786.906	1784.704	1799.396	1824.659	0	0
2017-05-24 14:10:00	1784.097	1784.170	1782.821	1783.142	1784.940	1799.831	1825.004	0	0
2017-05-24 14:05:00	1785.484	1785.582	1784.147	1784.147	1785.246	1800.305	1825.366	0	0
2017-05-24 14:00:00	1782.074	1785.513	1782.074	1785.513	1785.610	1800.738	1825.732	0	0
2017-05-24 13:55:00	1780.807	1782.122	1780.807	1782.122	1785.956	1801.225	1826.099	0	0
2017-05-24 13:50:00	1777.670	1780.882	1777.670	1780.882	1786.421	1801.755	1826.467	0	0
2017-05-24 13:45:00	1781.522	1781.606	1777.761	1777.810	1786.831	1802.318	1826.841	0	0
2017-05-24 13:40:00	1781.128	1781.555	1780.934	1781.485	1787.330	1802.922	1827.216	0	0
2017-05-24 13:35:00	1782.404	1782.404	1780.305	1781.120	1787.776	1803.438	1827.596	0	0
2017-05-24 13:30:00	1782.928	1783.652	1782.417	1782.417	1788.147	1803.955	1827.979	0	0
2017-05-24 13:25:00	1784.542	1784.542	1781.791	1782.917	1788.497	1804.440	1828.354	0	0
2017-05-24 13:20:00	1782.726	1784.641	1782.545	1784.549	1788.873	1804.976	1828.739	0	0
2017-05-24 13:15:00	1784.460	1784.460	1782.422	1782.693	1789.268	1805.495	1829.126	0	0
2017-05-24 13:10:00	1786.010	1786.132	1784.447	1784.507	1789.499	1806.031	1829.524	0	0
2017-05-24 13:05:00	1788.171	1788.171	1786.008	1786.008	1789.707	1806.583	1829.890	0	0
2017-05-24 13:00:00	1790.454	1790.640	1788.231	1788.232	1790.006	1807.124	1830.253	0	0
2017-05-24 12:55:00	1790.283	1790.283	1790.283	1790.283	1790.338	1807.637	1830.615	0	0
2017-05-24 11:30:00	1790.266	1790.266	1790.266	1790.266	1790.653	1808.161	1830.960	0	0
2017-05-24 11:25:00	1790.562	1790.569	1790.002	1790.260	1791.043	1808.709	1831.302	0	0
2017-05-24 11:20:00	1790.269	1791.315	1790.269	1790.647	1791.488	1809.246	1831.634	0	0
2017-05-24 11:15:00	1789.396	1790.249	1788.873	1790.249	1791.923	1809.776	1831.992	0	0
2017-05-24 11:10:00	1790.192	1790.302	1789.349	1789.349	1792.367	1810.315	1832.346	0	0
2017-05-24 11:05:00	1787.081	1790.194	1787.081	1790.194	1792.905	1810.863	1832.711	0	0
2017-05-24 11:00:00	1785.111	1787.083	1784.977	1787.083	1793.477	1811.403	1833.067	0	0
2017-05-24 10:55:00	1787.335	1787.379	1785.116	1785.124	1794.158	1811.957	1833.453	0	0
2017-05-24 10:50:00	1787.541	1787.569	1786.576	1787.361	1794.901	1812.533	1833.853	0	0
2017-05-24 10:45:00	1788.299	1788.602	1787.468	1787.501	1795.641	1813.119	1834.241	0	0
2017-05-24 10:40:00	1791.281	1791.293	1787.916	1788.348	1796.340	1813.713	1834.628	0	0
2017-05-24 10:35:00	1793.399	1793.467	1791.226	1791.339	1796.973	1814.293	1835.013	0	0
2017-05-24 10:30:00	1787.927	1793.449	1787.927	1793.415	1797.515	1814.896	1835.387	0	0
2017-05-24 10:25:00	1786.202	1787.869	1784.983	1787.869	1798.027	1815.480	1835.760	0	0
2017-05-24 10:20:00	1785.477	1786.861	1785.434	1786.324	1798.610	1816.108	1836.163	0	0
2017-05-24 10:15:00	1778.571	1785.494	1778.571	1785.487	1799.257	1816.769	1836.584	0	0
2017-05-24 10:10:00	1776.838	1778.512	1776.838	1778.512	1799.995	1817.445	1836.998	0	0
2017-05-24 10:05:00	1780.325	1780.364	1776.605	1776.817	1800.870	1818.182	1837.436	0	0
2017-05-24 10:00:00	1780.397	1780.442	1779.160	1780.383	1801.808	1818.956	1837.872	0	0
2017-05-24 09:55:00	1769.608	1780.348	1769.533	1780.348	1802.715	1819.699	1838.287	0	0
2017-05-24 09:50:00	1770.141	1771.133	1768.892	1769.449	1803.630	1820.461	1838.695	0	0
2017-05-24 09:45:00	1761.416	1769.971	1757.779	1769.971	1804.626	1821.349	1839.152	0	0
2017-05-24 09:40:00	1762.592	1765.733	1761.612	1761.612	1805.633	1822.216	1839.614	0	0
2017-05-24 09:35:00	1778.075	1778.162	1762.389	1762.389	1806.793	1823.156	1840.134	0	0
2017-05-24 09:30:00	1779.262	1779.262	1774.119	1778.178	1807.863	1824.082	1840.646	0	0
2017-05-24 09:25:00	1781.270	1781.270	1781.061	1781.061	1808.682	1824.869	1841.081	0	0
2017-05-23 15:00:00	1789.468	1789.468	1789.468	1789.468	1809.432	1825.618	1841.512	0	0
2017-05-23 14:55:00	1788.816	1788.945	1788.553	1788.939	1810.157	1826.257	1841.885	0	0
2017-05-23 14:50:00	1790.197	1790.197	1788.670	1788.801	1810.845	1826.837	1842.260	0	0
2017-05-23 14:45:00	1796.096	1796.096	1790.241	1790.241	1811.634	1827.462	1842.648	0	0
2017-05-23 14:40:00	1797.660	1797.925	1796.100	1796.100	1812.392	1828.077	1843.020	0	0
2017-05-23 14:35:00	1799.652	1799.664	1797.394	1797.622	1813.025	1828.653	1843.346	0	0
2017-05-23 14:30:00	1798.761	1800.766	1798.761	1799.745	1813.590	1829.211	1843.673	0	0
2017-05-23 14:25:00	1798.435	1798.714	1795.080	1798.714	1814.088	1829.742	1843.958	0	0
2017-05-23 14:20:00	1802.354	1802.474	1798.456	1798.456	1814.723	1830.274	1844.232	0	0
2017-05-23 14:15:00	1802.775	1802.775	1801.128	1802.339	1815.364	1830.807	1844.578	0	0
2017-05-23 14:10:00	1805.305	1805.305	1802.795	1802.795	1815.866	1831.324	1844.904	0	0
2017-05-23 14:05:00	1801.437	1805.462	1801.357	1805.363	1816.495	1831.833	1845.225	0	0
2017-05-23 14:00:00	1802.752	1802.780	1801.214	1801.383	1817.089	1832.340	1845.537	0	0
2017-05-23 13:55:00	1803.681	1803.681	1802.682	1802.775	1817.806	1832.872	1845.880	0	0
2017-05-23 13:50:00	1799.710	1804.021	1799.710	1803.814	1818.513	1833.405	1846.224	0	0
2017-05-23 13:45:00	1799.779	1799.800	1797.641	1799.669	1819.099	1833.939	1846.552	0	0
2017-05-23 13:40:00	1801.689	1801.689	1799.895	1799.895	1819.763	1834.453	1846.898	0	0
2017-05-23 13:35:00	1804.280	1804.280	1801.632	1801.708	1820.384	1834.962	1847.233	0	0
2017-05-23 13:30:00	1794.316	1804.716	1794.272	1804.302	1821.080	1835.456	1847.558	0	0
2017-05-23 13:25:00	1794.938	1796.208	1793.997	1794.230	1821.723	1835.895	1847.876	0	0
2017-05-23 13:20:00	1800.819	1800.819	1792.917	1794.937	1822.563	1836.415	1848.238	0	0
2017-05-23 13:15:00	1804.873	1805.936	1800.957	1800.957	1823.460	1836.955	1848.615	0	0
2017-05-23 13:10:00	1806.091	1806.091	1803.608	1804.798	1824.242	1837.447	1848.967	0	0
2017-05-23 13:05:00	1809.715	1809.808	1806.057	1806.057	1824.937	1837.909	1849.291	0	0
2017-05-23 13:00:00	1812.019	1812.019	1809.710	1809.747	1825.669	1838.370	1849.615	0	0
2017-05-23 12:55:00	1812.506	1812.506	1812.506	1812.506	1826.375	1838.785	1849.932	0	0
2017-05-23 11:30:00	1812.433	1812.433	1812.433	1812.433	1827.004	1839.153	1850.229	0	0
2017-05-23 11:25:00	1816.174	1816.174	1812.440	1812.440	1827.629	1839.539	1850.532	0	0
2017-05-23 11:20:00	1818.752	1818.752	1816.171	1816.254	1828.263	1839.923	1850.829	0	0
2017-05-23 11:15:00	1821.034	1821.271	1818.804	1818.804	1828.822	1840.292	1851.102	0	0
2017-05-23 11:10:00	1822.088	1822.199	1820.987	1821.119	1829.329	1840.630	1851.377	0	0
2017-05-23 11:05:00	1824.328	1824.328	1822.287	1822.287	1829.756	1840.944	1851.649	0	0
2017-05-23 11:00:00	1822.424	1824.638	1822.380	1824.329	1830.165	1841.247	1851.913	0	0
2017-05-23 10:55:00	1820.057	1822.450	1820.057	1822.450	1830.597	1841.538	1852.167	0	0
2017-05-23 10:50:00	1818.409	1820.006	1818.322	1820.006	1831.085	1841.867	1852.428	0	0
2017-05-23 10:45:00	1819.093	1819.203	1818.369	1818.429	1831.614	1842.233	1852.701	0	0
2017-05-23 10:40:00	1817.024	1819.092	1817.001	1819.027	1832.278	1842.629	1852.981	0	0
2017-05-23 10:35:00	1818.605	1818.660	1816.406	1817.037	1832.933	1843.010	1853.265	0	0
2017-05-23 10:30:00	1822.306	1822.306	1818.677	1818.677	1833.605	1843.398	1853.558	0	0
2017-05-23 10:25:00	1822.237	1822.607	1821.966	1822.391	1834.280	1843.764	1853.850	0	0
2017-05-23 10:20:00	1823.618	1823.618	1822.256	1822.256	1834.894	1844.080	1854.129	0	0
2017-05-23 10:15:00	1825.606	1826.160	1823.712	1823.712	1835.493	1844.415	1854.409	0	0
2017-05-23 10:10:00	1826.131	1827.767	1825.580	1825.735	1836.105	1844.744	1854.673	0	0
2017-05-23 10:05:00	1819.324	1826.080	1819.284	1826.080	1836.682	1845.068	1854.922	0	0
2017-05-23 10:00:00	1820.300	1820.300	1819.015	1819.278	1837.293	1845.406	1855.160	0	0
2017-05-23 09:55:00	1819.720	1821.140	1819.720	1820.289	1838.072	1845.815	1855.433	0	0
2017-05-23 09:50:00	1816.069	1819.611	1816.069	1819.611	1838.799	1846.202	1855.695	0	0
2017-05-23 09:45:00	1818.979	1818.979	1813.299	1815.908	1839.520	1846.564	1855.968	0	0
2017-05-23 09:40:00	1818.526	1820.467	1818.375	1819.107	1840.300	1846.968	1856.276	0	0
2017-05-23 09:35:00	1825.797	1825.862	1818.430	1818.551	1841.057	1847.339	1856.558	0	0
2017-05-23 09:30:00	1823.200	1825.917	1821.731	1825.745	1841.805	1847.728	1856.838	0	0
2017-05-23 09:25:00	1823.440	1823.440	1823.351	1823.351	1842.356	1848.026	1857.094	0	0
2017-05-22 15:00:00	1828.220	1828.220	1828.220	1828.220	1842.829	1848.354	1857.367	0	0
2017-05-22 14:55:00	1827.797	1828.180	1827.641	1828.180	1843.289	1848.652	1857.598	0	0
2017-05-22 14:50:00	1826.043	1828.138	1826.043	1827.741	1843.761	1848.970	1857.832	0	0
2017-05-22 14:45:00	1824.534	1825.864	1822.575	1825.864	1844.280	1849.307	1858.064	0	0
2017-05-22 14:40:00	1830.476	1830.608	1824.636	1824.636	1844.831	1849.608	1858.286	0	0
2017-05-22 14:35:00	1830.599	1830.709	1829.882	1830.446	1845.396	1849.922	1858.519	0	0
2017-05-22 14:30:00	1827.191	1830.698	1827.172	1830.551	1845.825	1850.177	1858.714	0	0
2017-05-22 14:25:00	1834.235	1834.293	1827.281	1827.403	1846.249	1850.427	1858.904	0	0
2017-05-22 14:20:00	1835.054	1835.081	1833.704	1834.268	1846.783	1850.727	1859.086	0	0
2017-05-22 14:15:00	1837.185	1837.233	1835.038	1835.038	1847.170	1850.972	1859.240	0	0
2017-05-22 14:10:00	1838.243	1838.860	1837.250	1837.250	1847.591	1851.180	1859.389	0	0
2017-05-22 14:05:00	1833.059	1838.140	1832.840	1838.140	1847.939	1851.364	1859.522	0	0
2017-05-22 14:00:00	1832.962	1833.462	1832.887	1833.104	1848.296	1851.511	1859.643	0	0
2017-05-22 13:55:00	1831.027	1832.856	1829.977	1832.856	1848.779	1851.754	1859.785	0	0
2017-05-22 13:50:00	1836.539	1836.539	1830.957	1830.957	1849.143	1852.003	1859.912	0	0
2017-05-22 13:45:00	1836.632	1837.010	1836.487	1836.487	1849.540	1852.267	1860.041	0	0
2017-05-22 13:40:00	1836.272	1836.517	1835.521	1836.472	1849.833	1852.502	1860.151	0	0
2017-05-22 13:35:00	1839.743	1839.803	1836.234	1836.257	1850.067	1852.756	1860.249	0	0
2017-05-22 13:30:00	1840.245	1840.366	1839.754	1839.754	1850.266	1853.017	1860.342	0	0
2017-05-22 13:25:00	1839.563	1840.065	1838.280	1840.065	1850.451	1853.197	1860.396	0	0
2017-05-22 13:20:00	1842.525	1842.525	1839.533	1839.536	1850.652	1853.381	1860.446	0	0
2017-05-22 13:15:00	1845.080	1845.182	1842.648	1842.648	1850.882	1853.592	1860.470	0	0
2017-05-22 13:10:00	1844.030	1845.217	1844.013	1845.086	1851.072	1853.759	1860.461	0	0
2017-05-22 13:05:00	1843.695	1843.926	1843.153	1843.926	1851.195	1853.895	1860.439	0	0
2017-05-22 13:00:00	1844.124	1844.132	1843.301	1843.703	1851.303	1854.023	1860.431	0	0
2017-05-22 12:55:00	1844.155	1844.155	1844.155	1844.155	1851.449	1854.208	1860.422	0	0
2017-05-22 11:30:00	1844.158	1844.158	1844.158	1844.158	1851.583	1854.378	1860.402	0	0
2017-05-22 11:25:00	1842.635	1844.154	1842.635	1844.154	1851.762	1854.558	1860.371	0	0
2017-05-22 11:20:00	1842.753	1842.793	1841.976	1842.507	1851.931	1854.731	1860.339	0	0
2017-05-22 11:15:00	1845.909	1845.976	1842.743	1842.743	1852.132	1854.949	1860.309	0	0
2017-05-22 11:10:00	1846.802	1846.903	1845.916	1845.924	1852.329	1855.172	1860.251	0	0
2017-05-22 11:05:00	1846.365	1847.057	1845.598	1846.855	1852.478	1855.362	1860.186	0	0
2017-05-22 11:00:00	1851.653	1851.653	1846.434	1846.434	1852.649	1855.543	1860.108	0	0
2017-05-22 10:55:00	1851.562	1852.125	1851.562	1851.607	1852.853	1855.732	1860.034	0	0
2017-05-22 10:50:00	1850.499	1851.816	1850.202	1851.816	1852.980	1855.879	1859.930	0	0
2017-05-22 10:45:00	1852.395	1852.461	1850.494	1850.627	1853.086	1856.040	1859.824	0	0
2017-05-22 10:40:00	1853.164	1853.459	1852.423	1852.427	1853.191	1856.219	1859.724	0	0
2017-05-22 10:35:00	1852.284	1853.136	1851.988	1853.097	1853.249	1856.399	1859.606	0	0
2017-05-22 10:30:00	1854.343	1854.361	1852.164	1852.193	1853.267	1856.552	1859.474	0	0
2017-05-22 10:25:00	1854.590	1854.590	1854.270	1854.302	1853.337	1856.691	1859.339	0	0
2017-05-22 10:20:00	1856.593	1856.680	1854.575	1854.617	1853.383	1856.787	1859.180	0	0
2017-05-22 10:15:00	1858.349	1858.349	1856.469	1856.608	1853.455	1856.875	1859.006	0	0
2017-05-22 10:10:00	1856.691	1858.578	1856.678	1858.241	1853.518	1856.928	1858.825	0	0
2017-05-22 10:05:00	1855.663	1856.686	1855.539	1856.644	1853.558	1856.954	1858.629	0	0
2017-05-22 10:00:00	1854.974	1855.742	1854.780	1855.659	1853.605	1857.011	1858.437	0	0
2017-05-22 09:55:00	1856.946	1856.946	1854.845	1854.906	1853.607	1857.111	1858.238	0	0
2017-05-22 09:50:00	1856.077	1858.421	1856.077	1856.953	1853.636	1857.210	1858.048	0	0
2017-05-22 09:45:00	1853.346	1855.962	1853.346	1855.962	1853.621	1857.292	1857.857	0	0
2017-05-22 09:40:00	1847.026	1853.290	1847.026	1853.290	1853.651	1857.406	1857.673	0	0
2017-05-22 09:35:00	1851.199	1851.199	1843.848	1846.965	1853.696	1857.513	1857.500	0	0
2017-05-22 09:30:00	1851.593	1851.907	1850.502	1851.263	1853.880	1857.683	1857.348	0	0
2017-05-22 09:25:00	1851.869	1851.869	1851.745	1851.745	1854.015	1857.835	1857.177	0	0
2017-05-19 15:00:00	1853.714	1853.714	1853.714	1853.714	1854.179	1857.963	1857.011	0	0
2017-05-19 14:55:00	1852.920	1853.420	1852.863	1853.406	1854.335	1858.038	1856.826	0	0
2017-05-19 14:50:00	1851.851	1852.906	1851.795	1852.906	1854.385	1858.135	1856.636	0	0
2017-05-19 14:45:00	1851.817	1851.903	1851.384	1851.861	1854.447	1858.174	1856.435	0	0
2017-05-19 14:40:00	1854.100	1854.141	1851.746	1851.766	1854.528	1858.191	1856.265	0	0
2017-05-19 14:35:00	1853.628	1854.258	1853.515	1854.108	1854.605	1858.350	1856.095	0	0
2017-05-19 14:30:00	1856.063	1856.100	1853.630	1853.630	1854.670	1858.484	1855.908	0	0
2017-05-19 14:25:00	1854.646	1856.137	1854.371	1856.061	1854.774	1858.618	1855.729	0	0
2017-05-19 14:20:00	1856.090	1856.090	1854.593	1854.641	1854.768	1858.734	1855.566	0	0
2017-05-19 14:15:00	1857.193	1857.250	1855.847	1856.025	1854.788	1858.887	1855.428	0	0
2017-05-19 14:10:00	1851.114	1857.214	1851.114	1857.214	1854.726	1859.043	1855.283	0	0
2017-05-19 14:05:00	1850.805	1851.077	1850.371	1851.077	1854.730	1859.165	1855.128	0	0
2017-05-19 14:00:00	1851.176	1851.288	1850.807	1850.807	1854.862	1859.344	1855.006	0	0
2017-05-19 13:55:00	1848.186	1851.141	1848.186	1851.141	1854.995	1859.504	1854.889	0	0
2017-05-19 13:50:00	1846.220	1848.231	1846.220	1848.159	1855.170	1859.659	1854.773	0	0
2017-05-19 13:45:00	1848.910	1848.910	1845.210	1846.229	1855.445	1859.857	1854.666	0	0
2017-05-19 13:40:00	1850.096	1850.528	1848.980	1848.980	1855.768	1860.061	1854.577	0	0
2017-05-19 13:35:00	1850.994	1851.019	1849.990	1850.113	1855.943	1860.274	1854.474	0	0
2017-05-19 13:30:00	1852.271	1852.464	1851.055	1851.055	1856.111	1860.486	1854.360	0	0
2017-05-19 13:25:00	1851.272	1852.272	1851.246	1852.153	1856.302	1860.673	1854.248	0	0
2017-05-19 13:20:00	1849.315	1851.233	1849.269	1851.233	1856.445	1860.860	1854.130	0	0
2017-05-19 13:15:00	1850.985	1851.021	1849.071	1849.320	1856.594	1861.078	1854.024	0	0
2017-05-19 13:10:00	1850.836	1851.077	1850.299	1850.985	1856.743	1861.306	1853.924	0	0
2017-05-19 13:05:00	1853.066	1853.189	1850.791	1850.894	1856.967	1861.524	1853.822	0	0
2017-05-19 13:00:00	1852.758	1853.068	1852.587	1853.068	1857.172	1861.735	1853.722	0	0
2017-05-19 12:55:00	1852.598	1852.598	1852.598	1852.598	1857.354	1861.911	1853.614	0	0
2017-05-19 11:30:00	1852.589	1852.589	1852.589	1852.589	1857.532	1862.124	1853.499	0	0
2017-05-19 11:25:00	1853.303	1853.303	1852.377	1852.594	1857.766	1862.353	1853.377	0	0
2017-05-19 11:20:00	1855.368	1855.421	1853.355	1853.355	1858.014	1862.578	1853.253	0	0
2017-05-19 11:15:00	1856.624	1856.686	1855.400	1855.400	1858.246	1862.796	1853.129	0	0
2017-05-19 11:10:00	1857.969	1858.077	1856.636	1856.636	1858.438	1862.989	1852.992	0	0
2017-05-19 11:05:00	1857.098	1858.268	1857.098	1857.976	1858.612	1863.168	1852.856	0	0
2017-05-19 11:00:00	1855.833	1857.173	1855.649	1857.089	1858.777	1863.334	1852.710	0	0
2017-05-19 10:55:00	1855.274	1856.050	1855.270	1855.885	1858.993	1863.520	1852.571	0	0
2017-05-19 10:50:00	1853.956	1855.353	1853.956	1855.317	1859.248	1863.719	1852.439	0	0
2017-05-19 10:45:00	1855.687	1855.689	1853.841	1853.993	1859.549	1863.936	1852.310	0	0
2017-05-19 10:40:00	1856.574	1857.116	1855.711	1855.736	1859.838	1864.177	1852.187	0	0
2017-05-19 10:35:00	1858.183	1858.183	1856.564	1856.586	1860.044	1864.402	1852.054	0	0
2017-05-19 10:30:00	1859.815	1859.815	1858.124	1858.191	1860.192	1864.603	1851.912	0	0
2017-05-19 10:25:00	1860.207	1860.405	1859.787	1859.794	1860.294	1864.775	1851.766	0	0
2017-05-19 10:20:00	1858.951	1860.376	1858.951	1860.251	1860.337	1864.915	1851.613	0	0
2017-05-19 10:15:00	1855.771	1858.948	1855.743	1858.948	1860.350	1865.051	1851.448	0	0
2017-05-19 10:10:00	1856.307	1856.421	1855.401	1855.786	1860.418	1865.188	1851.286	0	0
2017-05-19 10:05:00	1856.218	1856.417	1855.804	1856.334	1860.615	1865.371	1851.140	0	0
2017-05-19 10:00:00	1857.456	1857.456	1856.207	1856.207	1860.784	1865.584	1851.002	0	0
2017-05-19 09:55:00	1855.724	1857.726	1855.702	1857.458	1860.963	1865.777	1850.862	0	0
2017-05-19 09:50:00	1856.023	1856.057	1855.106	1855.577	1861.161	1865.948	1850.720	0	0
2017-05-19 09:45:00	1858.169	1858.342	1856.136	1856.136	1861.329	1866.161	1850.591	0	0
2017-05-19 09:40:00	1859.906	1859.906	1856.961	1858.024	1861.487	1866.380	1850.450	0	0
2017-05-19 09:35:00	1861.511	1861.579	1859.916	1859.943	1861.654	1866.544	1850.302	0	0
2017-05-19 09:30:00	1856.886	1861.633	1856.886	1861.500	1861.746	1866.694	1850.147	0	0
2017-05-19 09:25:00	1855.798	1855.939	1855.798	1855.939	1861.742	1866.821	1849.980	0	0
2017-05-18 15:00:00	1855.993	1855.993	1855.993	1855.993	1861.885	1866.964	1849.837	0	0
2017-05-18 14:55:00	1855.526	1855.945	1855.494	1855.925	1861.901	1867.117	1849.681	0	0
2017-05-18 14:50:00	1857.386	1857.447	1855.436	1855.581	1861.854	1867.251	1849.536	0	0
2017-05-18 14:45:00	1858.862	1859.068	1857.392	1857.392	1862.096	1867.380	1849.393	0	0
2017-05-18 14:40:00	1855.781	1858.865	1855.705	1858.817	1862.297	1867.444	1849.248	0	0
2017-05-18 14:35:00	1855.712	1855.952	1855.483	1855.763	1862.462	1867.509	1849.101	0	0
2017-05-18 14:30:00	1852.855	1855.659	1852.089	1855.659	1862.699	1867.598	1848.976	0	0
2017-05-18 14:25:00	1857.368	1857.419	1852.879	1852.879	1862.986	1867.681	1848.838	0	0
2017-05-18 14:20:00	1857.702	1858.219	1857.439	1857.442	1863.360	1867.774	1848.691	0	0
2017-05-18 14:15:00	1857.362	1857.668	1856.034	1857.668	1863.600	1867.816	1848.505	0	0
2017-05-18 14:10:00	1859.927	1859.927	1857.455	1857.455	1863.825	1867.822	1848.316	0	0
2017-05-18 14:05:00	1861.950	1861.954	1859.901	1859.903	1864.013	1867.814	1848.124	0	0
2017-05-18 14:00:00	1862.276	1862.492	1861.882	1861.882	1864.147	1867.799	1847.911	0	0
2017-05-18 13:55:00	1857.789	1862.476	1857.789	1862.396	1864.269	1867.742	1847.682	0	0
2017-05-18 13:50:00	1858.509	1858.539	1857.251	1857.746	1864.354	1867.666	1847.439	0	0
2017-05-18 13:45:00	1860.621	1860.643	1858.509	1858.509	1864.605	1867.595	1847.211	0	0
2017-05-18 13:40:00	1859.296	1860.639	1859.274	1860.608	1864.861	1867.511	1846.999	0	0
2017-05-18 13:35:00	1858.692	1859.286	1858.511	1859.286	1865.044	1867.348	1846.785	0	0
2017-05-18 13:30:00	1856.718	1858.691	1855.895	1858.677	1865.276	1867.163	1846.576	0	0
2017-05-18 13:25:00	1862.130	1862.199	1856.763	1856.763	1865.562	1866.984	1846.374	0	0
2017-05-18 13:20:00	1861.184	1862.399	1861.065	1862.190	1865.869	1866.839	1846.187	0	0
2017-05-18 13:15:00	1862.174	1862.239	1860.816	1861.151	1866.082	1866.636	1845.969	0	0
2017-05-18 13:10:00	1861.550	1862.175	1860.977	1862.175	1866.298	1866.426	1845.769	0	0
2017-05-18 13:05:00	1864.256	1864.311	1861.509	1861.509	1866.469	1866.185	1845.567	0	0
2017-05-18 13:00:00	1865.212	1865.531	1864.282	1864.299	1866.717	1865.946	1845.369	0	0
2017-05-18 12:55:00	1864.985	1864.985	1864.985	1864.985	1866.939	1865.668	1845.162	0	0
2017-05-18 11:30:00	1864.962	1864.962	1864.962	1864.962	1867.142	1865.331	1844.949	0	0
2017-05-18 11:25:00	1865.343	1865.352	1864.857	1864.983	1867.346	1865.009	1844.714	0	0
2017-05-18 11:20:00	1866.228	1866.228	1865.287	1865.340	1867.539	1864.673	1844.481	0	0
2017-05-18 11:15:00	1867.945	1867.945	1866.179	1866.209	1867.724	1864.336	1844.239	0	0
2017-05-18 11:10:00	1868.551	1868.587	1867.923	1867.923	1867.891	1863.981	1843.984	0	0
2017-05-18 11:05:00	1870.277	1870.277	1868.603	1868.603	1868.046	1863.608	1843.717	0	0
2017-05-18 11:00:00	1868.415	1870.619	1868.415	1870.357	1868.190	1863.228	1843.453	0	0
2017-05-18 10:55:00	1866.148	1868.523	1866.128	1868.444	1868.323	1862.813	1843.182	0	0
2017-05-18 10:50:00	1863.964	1866.071	1863.931	1866.071	1868.517	1862.396	1842.915	0	0
2017-05-18 10:45:00	1863.275	1864.454	1863.275	1863.961	1868.760	1861.987	1842.658	0	0
2017-05-18 10:40:00	1862.021	1863.314	1861.933	1863.314	1869.014	1861.572	1842.412	0	0
2017-05-18 10:35:00	1860.894	1861.996	1860.881	1861.943	1869.255	1861.138	1842.167	0	0
2017-05-18 10:30:00	1862.326	1862.326	1860.196	1860.889	1869.493	1860.721	1841.928	0	0
2017-05-18 10:25:00	1865.730	1865.730	1862.361	1862.361	1869.753	1860.304	1841.697	0	0
2017-05-18 10:20:00	1864.728	1865.818	1864.728	1865.601	1869.958	1859.862	1841.469	0	0
2017-05-18 10:15:00	1865.131	1865.205	1864.611	1864.783	1870.128	1859.364	1841.216	0	0
2017-05-18 10:10:00	1867.344	1867.344	1865.016	1865.194	1870.385	1858.887	1840.973	0	0
2017-05-18 10:05:00	1863.922	1867.400	1863.723	1867.329	1870.590	1858.422	1840.732	0	0
2017-05-18 10:00:00	1864.089	1864.367	1863.858	1863.972	1870.734	1857.939	1840.452	0	0
2017-05-18 09:55:00	1866.360	1866.379	1864.058	1864.058	1870.993	1857.487	1840.189	0	0
2017-05-18 09:50:00	1864.544	1867.095	1864.544	1866.381	1871.272	1857.013	1839.908	0	0
2017-05-18 09:45:00	1861.333	1864.540	1861.327	1864.540	1871.435	1856.519	1839.604	0	0
2017-05-18 09:40:00	1863.054	1863.125	1860.884	1861.302	1871.641	1856.060	1839.335	0	0
2017-05-18 09:35:00	1856.758	1863.078	1856.707	1863.058	1871.900	1855.614	1839.079	0	0
2017-05-18 09:30:00	1851.063	1856.973	1849.032	1856.821	1872.042	1855.137	1838.828	0	0
2017-05-18 09:25:00	1853.589	1853.589	1853.548	1853.548	1872.333	1854.695	1838.609	0	0
2017-05-17 15:00:00	1867.681	1867.681	1867.681	1867.681	1872.648	1854.339	1838.404	0	0
2017-05-17 14:55:00	1867.152	1867.443	1867.066	1867.439	1872.665	1853.839	1838.129	0	0
2017-05-17 14:50:00	1867.588	1867.755	1866.996	1867.101	1872.592	1853.332	1837.869	0	0
2017-05-17 14:45:00	1869.904	1869.904	1867.490	1867.611	1872.555	1852.840	1837.610	0	0
2017-05-17 14:40:00	1871.616	1871.946	1869.950	1869.980	1872.496	1852.398	1837.344	0	0
2017-05-17 14:35:00	1869.461	1871.669	1869.461	1871.591	1872.376	1851.969	1837.089	0	0
2017-05-17 14:30:00	1868.897	1869.456	1868.775	1869.456	1872.189	1851.522	1836.818	0	0
2017-05-17 14:25:00	1866.834	1868.931	1866.834	1868.931	1872.031	1851.090	1836.558	0	0
2017-05-17 14:20:00	1866.639	1866.812	1865.598	1866.812	1871.818	1850.668	1836.290	0	0
2017-05-17 14:15:00	1867.942	1868.007	1866.646	1866.646	1871.616	1850.273	1836.051	0	0
2017-05-17 14:10:00	1866.636	1868.202	1866.636	1867.950	1871.451	1849.887	1835.811	0	0
2017-05-17 14:05:00	1870.188	1870.215	1866.504	1866.682	1871.215	1849.474	1835.562	0	0
2017-05-17 14:00:00	1871.287	1871.287	1870.266	1870.266	1870.978	1849.092	1835.306	0	0
2017-05-17 13:55:00	1869.700	1871.402	1869.700	1871.312	1870.585	1848.675	1835.034	0	0
2017-05-17 13:50:00	1870.754	1870.754	1869.449	1869.764	1870.160	1848.235	1834.763	0	0
2017-05-17 13:45:00	1872.957	1873.306	1870.855	1870.855	1869.653	1847.822	1834.493	0	0
2017-05-17 13:40:00	1872.114	1873.094	1872.105	1872.987	1869.051	1847.401	1834.175	0	0
2017-05-17 13:35:00	1872.847	1873.092	1872.107	1872.107	1868.406	1846.970	1833.862	0	0
2017-05-17 13:30:00	1872.011	1872.850	1872.011	1872.843	1867.809	1846.543	1833.509	0	0
2017-05-17 13:25:00	1870.807	1871.951	1869.917	1871.951	1867.191	1846.119	1833.128	0	0
2017-05-17 13:20:00	1873.956	1873.956	1870.735	1870.735	1866.554	1845.710	1832.761	0	0
2017-05-17 13:15:00	1875.454	1875.504	1873.894	1873.894	1865.901	1845.317	1832.377	0	0
2017-05-17 13:10:00	1875.100	1875.547	1875.031	1875.427	1865.176	1844.873	1831.986	0	0
2017-05-17 13:05:00	1875.192	1875.315	1875.028	1875.117	1864.398	1844.401	1831.574	0	0
2017-05-17 13:00:00	1875.018	1875.642	1875.018	1875.192	1863.520	1843.929	1831.180	0	0
2017-05-17 12:55:00	1874.640	1874.640	1874.640	1874.640	1862.672	1843.461	1830.760	0	0
2017-05-17 11:30:00	1874.579	1874.579	1874.579	1874.579	1861.807	1842.995	1830.341	0	0
2017-05-17 11:25:00	1875.534	1875.677	1874.396	1874.563	1860.947	1842.543	1829.869	0	0
2017-05-17 11:20:00	1875.798	1875.825	1875.414	1875.640	1860.070	1842.086	1829.420	0	0
2017-05-17 11:15:00	1877.058	1877.058	1875.776	1875.827	1859.170	1841.622	1828.949	0	0
2017-05-17 11:10:00	1878.131	1878.131	1876.921	1877.010	1858.266	1841.159	1828.479	0	0
2017-05-17 11:05:00	1878.182	1878.542	1878.046	1878.139	1857.303	1840.684	1828.023	0	0
2017-05-17 11:00:00	1876.600	1878.237	1876.600	1878.237	1856.275	1840.197	1827.581	0	0
2017-05-17 10:55:00	1875.392	1876.646	1875.352	1876.646	1855.214	1839.705	1827.164	0	0
2017-05-17 10:50:00	1873.943	1875.400	1873.943	1875.357	1854.129	1839.221	1826.779	0	0
2017-05-17 10:45:00	1873.940	1873.967	1872.562	1873.820	1853.021	1838.757	1826.401	0	0
2017-05-17 10:40:00	1872.604	1874.038	1872.489	1873.893	1851.950	1838.311	1826.031	0	0
2017-05-17 10:35:00	1874.007	1874.007	1872.600	1872.611	1850.855	1837.844	1825.673	0	0
2017-05-17 10:30:00	1877.618	1877.969	1874.117	1874.117	1849.766	1837.384	1825.324	0	0
2017-05-17 10:25:00	1875.583	1877.751	1875.583	1877.614	1848.601	1836.909	1824.979	0	0
2017-05-17 10:20:00	1874.628	1875.561	1874.578	1875.483	1847.390	1836.419	1824.630	0	0
2017-05-17 10:15:00	1876.944	1876.944	1874.452	1874.531	1846.253	1835.948	1824.296	0	0
2017-05-17 10:10:00	1878.170	1878.735	1876.886	1876.886	1845.145	1835.493	1823.944	0	0
2017-05-17 10:05:00	1874.535	1878.065	1874.475	1878.050	1843.981	1835.022	1823.578	0	0
2017-05-17 10:00:00	1874.833	1874.972	1874.420	1874.488	1842.753	1834.520	1823.205	0	0
2017-05-17 09:55:00	1874.197	1874.978	1874.197	1874.855	1841.603	1834.059	1822.867	0	0
2017-05-17 09:50:00	1870.209	1874.252	1870.145	1874.241	1840.479	1833.601	1822.533	0	0
2017-05-17 09:45:00	1871.206	1871.305	1869.815	1870.190	1839.328	1833.140	1822.213	0	0
2017-05-17 09:40:00	1869.217	1871.745	1869.217	1871.337	1838.232	1832.710	1821.886	0	0
2017-05-17 09:35:00	1868.634	1870.017	1868.634	1869.311	1837.057	1832.244	1821.552	0	0
2017-05-17 09:30:00	1862.985	1868.556	1862.768	1868.556	1836.031	1831.822	1821.244	0	0
2017-05-17 09:25:00	1863.976	1863.976	1863.761	1863.761	1835.013	1831.406	1820.951	0	0
2017-05-16 15:00:00	1865.265	1865.265	1865.265	1865.265	1834.071	1831.051	1820.694	0	0
2017-05-16 14:55:00	1863.877	1864.671	1863.877	1864.667	1833.126	1830.694	1820.444	0	0
2017-05-16 14:50:00	1862.203	1863.960	1862.203	1863.960	1832.300	1830.354	1820.195	0	0
2017-05-16 14:45:00	1861.581	1862.311	1861.581	1862.236	1831.561	1829.996	1819.932	0	0
2017-05-16 14:40:00	1858.385	1861.647	1858.354	1861.583	1830.856	1829.608	1819.687	0	0
2017-05-16 14:35:00	1856.725	1858.292	1856.661	1858.292	1830.149	1829.194	1819.438	0	0
2017-05-16 14:30:00	1858.340	1858.506	1856.684	1856.684	1829.517	1828.809	1819.161	0	0
2017-05-16 14:25:00	1856.085	1858.731	1856.085	1858.406	1828.931	1828.434	1818.933	0	0
2017-05-16 14:20:00	1854.902	1856.126	1854.834	1856.126	1828.323	1828.022	1818.696	0	0
2017-05-16 14:15:00	1850.741	1854.910	1850.741	1854.834	1827.734	1827.622	1818.528	0	0
2017-05-16 14:10:00	1850.023	1850.832	1850.021	1850.648	1827.207	1827.211	1818.371	0	0
2017-05-16 14:05:00	1844.551	1850.150	1844.551	1850.053	1826.764	1826.827	1818.241	0	0
2017-05-16 14:00:00	1840.879	1844.382	1840.879	1844.382	1826.310	1826.487	1818.102	0	0
2017-05-16 13:55:00	1840.651	1840.840	1839.945	1840.779	1825.992	1826.221	1818.022	0	0
2017-05-16 13:50:00	1842.291	1842.455	1840.693	1840.729	1825.750	1825.988	1817.962	0	0
2017-05-16 13:45:00	1841.977	1842.373	1841.693	1842.266	1825.534	1825.764	1817.947	0	0
2017-05-16 13:40:00	1840.117	1842.028	1840.117	1841.936	1825.277	1825.535	1817.917	0	0
2017-05-16 13:35:00	1838.159	1840.094	1838.114	1840.094	1825.047	1825.301	1817.885	0	0
2017-05-16 13:30:00	1837.736	1838.097	1837.131	1838.097	1824.866	1825.113	1817.845	0	0
2017-05-16 13:25:00	1836.579	1838.243	1836.579	1837.656	1824.734	1824.949	1817.843	0	0
2017-05-16 13:20:00	1831.274	1836.492	1831.266	1836.492	1824.569	1824.792	1817.860	0	0
2017-05-16 13:15:00	1832.791	1832.791	1831.106	1831.235	1824.405	1824.656	1817.885	0	0
2017-05-16 13:10:00	1831.354	1832.821	1831.183	1832.775	1824.337	1824.568	1817.921	0	0
2017-05-16 13:05:00	1831.546	1831.827	1831.232	1831.389	1824.251	1824.418	1817.957	0	0
2017-05-16 13:00:00	1831.320	1832.180	1830.655	1831.597	1824.183	1824.289	1818.001	0	0
2017-05-16 12:55:00	1830.736	1830.736	1830.736	1830.736	1824.140	1824.142	1818.073	0	0
2017-05-16 11:30:00	1830.637	1830.637	1830.637	1830.637	1824.101	1823.988	1818.143	0	0
2017-05-16 11:25:00	1828.893	1830.607	1828.893	1830.607	1824.074	1823.826	1818.207	0	0
2017-05-16 11:20:00	1826.738	1828.892	1826.738	1828.869	1824.052	1823.678	1818.276	0	0
2017-05-16 11:15:00	1825.255	1826.726	1825.255	1826.726	1824.064	1823.551	1818.369	0	0
2017-05-16 11:10:00	1822.442	1825.259	1822.313	1825.206	1824.119	1823.433	1818.483	0	0
2017-05-16 11:05:00	1819.905	1822.389	1819.501	1822.389	1824.197	1823.329	1818.610	0	0
2017-05-16 11:00:00	1820.285	1820.514	1819.904	1819.945	1824.314	1823.253	1818.752	0	0
2017-05-16 10:55:00	1819.097	1820.452	1818.862	1820.300	1824.493	1823.196	1818.915	0	0
2017-05-16 10:50:00	1818.227	1819.305	1818.152	1819.100	1824.672	1823.135	1819.085	0	0
2017-05-16 10:45:00	1815.842	1818.189	1815.666	1818.189	1824.833	1823.091	1819.260	0	0
2017-05-16 10:40:00	1817.075	1817.075	1815.742	1815.850	1825.003	1823.076	1819.439	0	0
2017-05-16 10:35:00	1818.666	1818.672	1817.043	1817.051	1825.218	1823.067	1819.631	0	0
2017-05-16 10:30:00	1819.087	1819.421	1818.580	1818.673	1825.449	1823.059	1819.806	0	0
2017-05-16 10:25:00	1818.763	1819.348	1818.763	1819.095	1825.642	1823.043	1819.970	0	0
2017-05-16 10:20:00	1816.555	1818.709	1815.915	1818.687	1825.842	1822.965	1820.145	0	0
2017-05-16 10:15:00	1816.967	1817.160	1816.662	1816.679	1826.063	1822.891	1820.324	0	0
2017-05-16 10:10:00	1818.551	1818.610	1816.889	1816.979	1826.286	1822.804	1820.516	0	0
2017-05-16 10:05:00	1816.697	1818.913	1816.658	1818.644	1826.516	1822.689	1820.694	0	0
2017-05-16 10:00:00	1815.361	1816.677	1815.334	1816.677	1826.723	1822.610	1820.861	0	0
2017-05-16 09:55:00	1812.742	1815.507	1812.615	1815.432	1826.952	1822.544	1821.043	0	0
2017-05-16 09:50:00	1818.010	1818.057	1812.573	1812.573	1827.188	1822.519	1821.233	0	0
2017-05-16 09:45:00	1817.722	1818.050	1817.214	1817.981	1827.432	1822.522	1821.452	0	0
2017-05-16 09:40:00	1816.776	1819.088	1816.776	1817.704	1827.614	1822.469	1821.643	0	0
2017-05-16 09:35:00	1817.954	1818.020	1813.880	1816.663	1827.799	1822.419	1821.831	0	0
2017-05-16 09:30:00	1821.876	1821.876	1817.873	1817.970	1828.031	1822.406	1822.018	0	0
2017-05-16 09:25:00	1823.481	1823.481	1823.394	1823.394	1828.263	1822.379	1822.209	0	0
2017-05-15 15:00:00	1827.021	1827.021	1827.021	1827.021	1828.407	1822.290	1822.372	0	0
2017-05-15 14:55:00	1826.314	1826.983	1826.278	1826.983	1828.431	1822.209	1822.525	0	0
2017-05-15 14:50:00	1826.676	1826.848	1826.077	1826.234	1828.360	1822.114	1822.681	0	0
2017-05-15 14:45:00	1827.448	1827.464	1826.432	1826.692	1828.239	1822.025	1822.835	0	0
2017-05-15 14:40:00	1827.977	1828.223	1827.364	1827.364	1828.102	1821.912	1822.981	0	0
2017-05-15 14:35:00	1826.658	1828.059	1826.656	1828.025	1827.937	1821.829	1823.127	0	0
2017-05-15 14:30:00	1828.429	1828.478	1826.271	1826.672	1827.721	1821.736	1823.252	0	0
2017-05-15 14:25:00	1828.492	1828.678	1828.431	1828.454	1827.510	1821.649	1823.376	0	0
2017-05-15 14:20:00	1827.330	1828.534	1827.330	1828.512	1827.216	1821.520	1823.469	0	0
2017-05-15 14:15:00	1828.472	1828.490	1827.295	1827.346	1826.890	1821.393	1823.564	0	0
2017-05-15 14:10:00	1828.691	1828.698	1827.413	1828.474	1826.665	1821.292	1823.662	0	0
2017-05-15 14:05:00	1829.917	1829.962	1828.719	1828.719	1826.450	1821.163	1823.748	0	0
2017-05-15 14:00:00	1829.441	1829.993	1829.227	1829.898	1826.226	1820.950	1823.823	0	0
2017-05-15 13:55:00	1830.498	1830.498	1829.409	1829.411	1825.995	1820.754	1823.894	0	0
2017-05-15 13:50:00	1831.068	1831.068	1830.395	1830.440	1825.794	1820.476	1823.968	0	0
2017-05-15 13:45:00	1831.478	1831.547	1831.000	1831.058	1825.556	1820.138	1824.044	0	0
2017-05-15 13:40:00	1829.476	1831.522	1829.476	1831.478	1825.360	1819.812	1824.121	0	0
2017-05-15 13:35:00	1828.308	1829.436	1828.286	1829.436	1825.165	1819.437	1824.189	0	0
2017-05-15 13:30:00	1827.844	1828.349	1827.190	1828.260	1825.014	1819.099	1824.241	0	0
2017-05-15 13:25:00	1828.470	1828.484	1827.871	1827.871	1824.908	1818.748	1824.291	0	0
2017-05-15 13:20:00	1827.973	1828.806	1827.875	1828.441	1824.798	1818.432	1824.350	0	0
2017-05-15 13:15:00	1829.532	1829.587	1827.989	1827.989	1824.586	1818.059	1824.394	0	0
2017-05-15 13:10:00	1828.940	1829.673	1828.940	1829.458	1824.396	1817.687	1824.432	0	0
2017-05-15 13:05:00	1829.276	1829.276	1828.484	1828.795	1824.145	1817.195	1824.463	0	0
2017-05-15 13:00:00	1829.855	1830.131	1829.215	1829.299	1823.875	1816.754	1824.489	0	0
2017-05-15 12:55:00	1829.516	1829.516	1829.516	1829.516	1823.578	1816.277	1824.506	0	0
2017-05-15 11:30:00	1829.459	1829.459	1829.459	1829.459	1823.304	1815.799	1824.524	0	0
2017-05-15 11:25:00	1829.145	1829.483	1829.064	1829.458	1823.038	1815.363	1824.550	0	0
2017-05-15 11:20:00	1828.319	1829.095	1828.220	1829.093	1822.747	1814.964	1824.577	0	0
2017-05-15 11:15:00	1828.915	1828.915	1828.103	1828.239	1822.462	1814.622	1824.622	0	0
2017-05-15 11:10:00	1829.307	1829.443	1828.898	1828.898	1822.193	1814.337	1824.671	0	0
2017-05-15 11:05:00	1827.219	1829.277	1827.136	1829.245	1821.898	1814.046	1824.728	0	0
2017-05-15 11:00:00	1826.772	1827.196	1826.567	1827.175	1821.599	1813.751	1824.785	0	0
2017-05-15 10:55:00	1826.649	1826.912	1826.560	1826.663	1821.349	1813.502	1824.854	0	0
2017-05-15 10:50:00	1828.648	1828.813	1826.562	1826.606	1821.149	1813.264	1824.920	0	0
2017-05-15 10:45:00	1828.286	1828.787	1828.286	1828.633	1820.917	1813.049	1824.987	0	0
2017-05-15 10:40:00	1829.085	1829.123	1827.766	1828.322	1820.668	1812.841	1825.043	0	0
2017-05-15 10:35:00	1829.766	1829.952	1829.057	1829.083	1820.444	1812.644	1825.095	0	0
2017-05-15 10:30:00	1827.838	1829.770	1827.605	1829.743	1820.088	1812.396	1825.147	0	0
2017-05-15 10:25:00	1828.429	1828.528	1827.766	1827.813	1819.718	1812.134	1825.202	0	0
2017-05-15 10:20:00	1829.138	1829.140	1827.682	1828.467	1819.321	1811.890	1825.273	0	0
2017-05-15 10:15:00	1828.129	1829.507	1828.129	1829.015	1818.862	1811.674	1825.336	0	0
2017-05-15 10:10:00	1827.245	1828.099	1827.242	1828.099	1818.497	1811.466	1825.359	0	0
2017-05-15 10:05:00	1824.714	1827.262	1824.625	1827.252	1818.137	1811.286	1825.383	0	0
2017-05-15 10:00:00	1827.140	1827.140	1824.714	1824.761	1817.851	1811.063	1825.386	0	0
2017-05-15 09:55:00	1827.070	1828.172	1827.006	1827.097	1817.613	1810.859	1825.377	0	0
2017-05-15 09:50:00	1828.200	1828.200	1825.584	1826.955	1817.323	1810.667	1825.350	0	0
2017-05-15 09:45:00	1829.471	1829.534	1828.264	1828.264	1817.039	1810.496	1825.308	0	0
2017-05-15 09:40:00	1830.588	1830.634	1829.564	1829.564	1816.780	1810.336	1825.280	0	0
2017-05-15 09:35:00	1828.320	1832.466	1828.320	1830.588	1816.495	1810.194	1825.246	0	0
2017-05-15 09:30:00	1824.801	1828.209	1824.801	1828.209	1816.174	1810.036	1825.216	0	0
2017-05-15 09:25:00	1823.259	1823.450	1823.259	1823.450	1815.988	1809.868	1825.203	0	0
2017-05-12 15:00:00	1820.196	1820.196	1820.196	1820.196	1815.868	1809.766	1825.221	0	0
2017-05-12 14:55:00	1819.151	1819.813	1819.067	1819.813	1815.812	1809.682	1825.230	0	0
2017-05-12 14:50:00	1817.292	1819.120	1817.272	1819.120	1815.722	1809.512	1825.233	0	0
2017-05-12 14:45:00	1816.153	1817.630	1816.153	1817.262	1815.722	1809.432	1825.278	0	0
2017-05-12 14:40:00	1813.805	1816.109	1813.790	1816.109	1815.750	1809.370	1825.339	0	0
2017-05-12 14:35:00	1812.233	1813.842	1812.233	1813.749	1815.788	1809.435	1825.406	0	0
2017-05-12 14:30:00	1816.069	1816.069	1811.880	1812.184	1815.824	1809.531	1825.489	0	0
2017-05-12 14:25:00	1817.767	1817.914	1816.101	1816.108	1815.896	1809.656	1825.592	0	0
2017-05-12 14:20:00	1817.582	1818.240	1817.528	1817.733	1815.919	1809.717	1825.654	0	0
2017-05-12 14:15:00	1818.286	1818.286	1817.006	1817.513	1815.877	1809.824	1825.743	0	0
2017-05-12 14:10:00	1819.363	1819.530	1818.324	1818.330	1815.674	1809.937	1825.836	0	0
2017-05-12 14:05:00	1818.567	1819.457	1818.312	1819.370	1815.514	1810.129	1825.928	0	0
2017-05-12 14:00:00	1821.167	1821.227	1818.525	1818.554	1815.157	1810.298	1826.043	0	0
2017-05-12 13:55:00	1821.781	1822.054	1821.241	1821.241	1814.720	1810.468	1826.192	0	0
2017-05-12 13:50:00	1821.966	1821.985	1821.604	1821.733	1814.264	1810.577	1826.342	0	0
2017-05-12 13:45:00	1823.055	1823.765	1821.879	1821.902	1813.709	1810.737	1826.497	0	0
2017-05-12 13:40:00	1822.417	1823.021	1822.373	1822.982	1813.183	1810.928	1826.645	0	0
2017-05-12 13:35:00	1817.890	1822.404	1817.876	1822.346	1812.587	1811.114	1826.772	0	0
2017-05-12 13:30:00	1818.493	1818.516	1817.483	1817.834	1812.065	1811.275	1826.928	0	0
2017-05-12 13:25:00	1817.007	1818.627	1816.971	1818.480	1811.531	1811.496	1827.110	0	0
2017-05-12 13:20:00	1815.305	1816.989	1815.235	1816.922	1810.979	1811.714	1827.296	0	0
2017-05-12 13:15:00	1814.441	1815.333	1813.807	1815.278	1810.246	1812.004	1827.490	0	0
2017-05-12 13:10:00	1815.962	1816.002	1814.453	1814.453	1809.633	1812.299	1827.691	0	0
2017-05-12 13:05:00	1816.139	1816.139	1815.732	1815.858	1808.976	1812.588	1827.890	0	0
2017-05-12 13:00:00	1815.392	1816.551	1815.392	1816.156	1808.293	1812.874	1828.065	0	0
2017-05-12 12:55:00	1814.908	1814.908	1814.908	1814.908	1807.688	1813.187	1828.243	0	0
2017-05-12 11:30:00	1814.805	1814.805	1814.805	1814.805	1807.181	1813.533	1828.401	0	0
2017-05-12 11:25:00	1814.228	1814.901	1813.948	1814.809	1806.782	1813.890	1828.568	0	0
2017-05-12 11:20:00	1814.230	1814.614	1814.131	1814.160	1806.481	1814.250	1828.729	0	0
2017-05-12 11:15:00	1814.634	1814.634	1813.975	1814.262	1806.193	1814.634	1828.916	0	0
2017-05-12 11:10:00	1816.781	1816.781	1814.605	1814.674	1805.903	1815.035	1829.125	0	0
2017-05-12 11:05:00	1814.983	1816.835	1814.912	1816.705	1805.655	1815.428	1829.324	0	0
2017-05-12 11:00:00	1816.121	1816.406	1814.867	1814.974	1805.378	1815.802	1829.514	0	0
2017-05-12 10:55:00	1817.069	1817.116	1816.017	1816.195	1805.182	1816.195	1829.711	0	0
2017-05-12 10:50:00	1811.328	1817.277	1811.271	1817.105	1805.013	1816.554	1829.913	0	0
2017-05-12 10:45:00	1811.399	1811.752	1811.219	1811.274	1804.844	1816.898	1830.110	0	0
2017-05-12 10:40:00	1808.040	1811.384	1807.996	1811.272	1804.704	1817.325	1830.338	0	0
2017-05-12 10:35:00	1805.475	1807.970	1805.314	1807.970	1804.549	1817.757	1830.573	0	0
2017-05-12 10:30:00	1810.786	1810.786	1805.494	1805.494	1804.459	1818.229	1830.821	0	0
2017-05-12 10:25:00	1810.086	1810.756	1809.820	1810.756	1804.487	1818.698	1831.094	0	0
2017-05-12 10:20:00	1812.880	1812.911	1810.022	1810.100	1804.435	1819.112	1831.345	0	0
2017-05-12 10:15:00	1813.025	1814.358	1812.868	1812.949	1804.436	1819.542	1831.605	0	0
2017-05-12 10:10:00	1812.589	1812.887	1810.533	1812.887	1804.275	1819.947	1831.857	0	0
2017-05-12 10:05:00	1812.702	1813.739	1812.589	1812.618	1804.105	1820.382	1832.114	0	0
2017-05-12 10:00:00	1815.445	1815.845	1812.734	1812.734	1804.010	1820.817	1832.373	0	0
2017-05-12 09:55:00	1815.229	1815.498	1814.234	1815.327	1803.952	1821.243	1832.617	0	0
2017-05-12 09:50:00	1814.387	1815.435	1812.877	1815.285	1803.892	1821.630	1832.846	0	0
2017-05-12 09:45:00	1818.812	1818.812	1814.528	1814.528	1803.894	1822.039	1833.093	0	0
2017-05-12 09:40:00	1817.636	1820.494	1817.636	1818.934	1803.898	1822.454	1833.348	0	0
2017-05-12 09:35:00	1817.323	1817.465	1814.743	1817.465	1803.748	1822.840	1833.594	0	0
2017-05-12 09:30:00	1814.521	1817.747	1813.297	1817.362	1803.664	1823.247	1833.853	0	0
2017-05-12 09:25:00	1815.326	1815.326	1815.317	1815.317	1803.552	1823.644	1834.082	0	0
2017-05-11 15:00:00	1819.145	1819.145	1819.145	1819.145	1803.302	1824.051	1834.315	0	0
2017-05-11 14:55:00	1817.917	1818.648	1817.917	1818.648	1803.142	1824.425	1834.512	0	0
2017-05-11 14:50:00	1815.497	1818.006	1815.497	1818.006	1802.990	1824.768	1834.719	0	0
2017-05-11 14:45:00	1815.719	1815.719	1814.739	1815.569	1803.082	1825.104	1834.930	0	0
2017-05-11 14:40:00	1817.194	1817.194	1815.661	1815.761	1803.238	1825.417	1835.165	0	0
2017-05-11 14:35:00	1815.858	1818.530	1815.858	1817.252	1803.416	1825.736	1835.412	0	0
2017-05-11 14:30:00	1807.263	1815.646	1807.198	1815.646	1803.516	1826.033	1835.651	0	0
2017-05-11 14:25:00	1810.308	1810.563	1807.315	1807.352	1803.771	1826.332	1835.911	0	0
2017-05-11 14:20:00	1801.657	1810.324	1801.657	1810.324	1804.200	1826.696	1836.212	0	0
2017-05-11 14:15:00	1796.634	1801.563	1796.559	1801.563	1804.745	1827.034	1836.524	0	0
2017-05-11 14:10:00	1798.415	1798.813	1796.671	1796.697	1805.439	1827.460	1836.882	0	0
2017-05-11 14:05:00	1793.891	1798.436	1793.891	1798.436	1806.216	1827.950	1837.272	0	0
2017-05-11 14:00:00	1795.634	1795.710	1793.278	1793.953	1806.890	1828.430	1837.658	0	0
2017-05-11 13:55:00	1793.280	1796.019	1793.261	1795.624	1807.766	1828.942	1838.076	0	0
2017-05-11 13:50:00	1796.151	1796.151	1793.042	1793.198	1808.673	1829.383	1838.507	0	0
2017-05-11 13:45:00	1791.323	1797.275	1791.323	1796.235	1809.640	1829.835	1838.936	0	0
2017-05-11 13:40:00	1790.856	1791.147	1788.819	1791.147	1810.484	1830.268	1839.366	0	0
2017-05-11 13:35:00	1780.247	1790.925	1780.247	1790.855	1811.461	1830.729	1839.827	0	0
2017-05-11 13:30:00	1784.653	1784.770	1777.515	1780.254	1812.449	1831.177	1840.290	0	0
2017-05-11 13:25:00	1781.615	1784.776	1781.533	1784.664	1813.763	1831.731	1840.797	0	0
2017-05-11 13:20:00	1781.800	1784.296	1781.249	1781.580	1814.964	1832.224	1841.299	0	0
2017-05-11 13:15:00	1785.702	1785.702	1778.625	1781.740	1816.200	1832.736	1841.813	0	0
2017-05-11 13:10:00	1789.491	1791.719	1785.854	1785.854	1817.455	1833.248	1842.333	0	0
2017-05-11 13:05:00	1794.848	1794.848	1789.597	1789.597	1818.687	1833.737	1842.830	0	0
2017-05-11 13:00:00	1799.167	1799.167	1794.834	1794.840	1819.885	1834.190	1843.317	0	0
2017-05-11 12:55:00	1799.746	1799.746	1799.746	1799.746	1820.999	1834.622	1843.784	0	0
2017-05-11 11:30:00	1799.758	1799.758	1799.758	1799.758	1822.019	1835.006	1844.233	0	0
2017-05-11 11:25:00	1802.195	1802.310	1799.772	1799.772	1823.076	1835.411	1844.684	0	0
2017-05-11 11:20:00	1802.855	1802.855	1801.376	1802.258	1824.166	1835.819	1845.125	0	0
2017-05-11 11:15:00	1805.119	1805.195	1802.859	1802.859	1825.202	1836.207	1845.549	0	0
2017-05-11 11:10:00	1807.783	1807.929	1805.168	1805.168	1826.226	1836.577	1845.978	0	0
2017-05-11 11:05:00	1808.663	1808.724	1807.624	1807.775	1827.209	1836.925	1846.387	0	0
2017-05-11 11:00:00	1804.277	1808.755	1804.191	1808.647	1828.095	1837.246	1846.787	0	0
2017-05-11 10:55:00	1803.578	1805.046	1803.554	1804.268	1828.952	1837.546	1847.188	0	0
2017-05-11 10:50:00	1803.461	1803.527	1802.153	1803.527	1829.947	1837.899	1847.616	0	0
2017-05-11 10:45:00	1806.866	1806.866	1803.495	1803.495	1830.964	1838.270	1848.048	0	0
2017-05-11 10:40:00	1808.166	1808.166	1806.867	1806.881	1831.998	1838.656	1848.480	0	0
2017-05-11 10:35:00	1810.081	1810.238	1808.155	1808.155	1832.910	1838.998	1848.885	0	0
2017-05-11 10:30:00	1804.817	1810.203	1804.722	1810.144	1833.789	1839.252	1849.261	0	0
2017-05-11 10:25:00	1804.467	1805.031	1804.238	1804.887	1834.648	1839.480	1849.618	0	0
2017-05-11 10:20:00	1807.750	1807.750	1802.988	1804.411	1835.618	1839.710	1850.012	0	0
2017-05-11 10:15:00	1809.857	1810.371	1807.829	1807.829	1836.659	1839.896	1850.397	0	0
2017-05-11 10:10:00	1812.167	1812.167	1809.534	1809.867	1837.624	1840.034	1850.786	0	0
2017-05-11 10:05:00	1815.418	1815.716	1812.301	1812.301	1838.534	1840.121	1851.167	0	0
2017-05-11 10:00:00	1814.648	1816.000	1814.648	1815.419	1839.368	1840.224	1851.537	0	0
2017-05-11 09:55:00	1811.451	1814.739	1810.311	1814.703	1840.183	1840.297	1851.896	0	0
2017-05-11 09:50:00	1813.250	1813.407	1811.469	1811.469	1841.010	1840.397	1852.266	0	0
2017-05-11 09:45:00	1811.905	1815.133	1811.905	1813.232	1841.932	1840.539	1852.651	0	0
2017-05-11 09:40:00	1803.003	1811.765	1803.003	1811.765	1842.830	1840.676	1853.030	0	0
2017-05-11 09:35:00	1811.041	1811.041	1801.614	1802.846	1843.737	1840.778	1853.408	0	0
2017-05-11 09:30:00	1808.627	1812.314	1805.656	1811.113	1844.799	1840.954	1853.830	0	0
2017-05-11 09:25:00	1811.214	1811.214	1811.084	1811.084	1845.708	1841.124	1854.222	0	0
2017-05-10 15:00:00	1822.557	1822.557	1822.557	1822.557	1846.546	1841.309	1854.614	0	0
2017-05-10 14:55:00	1824.689	1824.689	1823.414	1823.414	1847.126	1841.378	1854.942	0	0
2017-05-10 14:50:00	1822.373	1824.772	1822.373	1824.651	1847.596	1841.447	1855.274	0	0
2017-05-10 14:45:00	1828.296	1828.296	1822.099	1822.249	1848.056	1841.529	1855.575	0	0
2017-05-10 14:40:00	1828.551	1829.203	1826.823	1828.377	1848.550	1841.590	1855.904	0	0
2017-05-10 14:35:00	1837.543	1837.543	1828.802	1828.802	1848.893	1841.662	1856.205	0	0
2017-05-10 14:30:00	1836.238	1838.787	1836.238	1837.590	1849.192	1841.735	1856.523	0	0
2017-05-10 14:25:00	1835.698	1836.253	1835.015	1836.253	1849.323	1841.727	1856.793	0	0
2017-05-10 14:20:00	1832.126	1835.891	1831.630	1835.571	1849.481	1841.788	1857.064	0	0
2017-05-10 14:15:00	1837.652	1837.689	1832.091	1832.091	1849.683	1841.916	1857.368	0	0
2017-05-10 14:10:00	1840.889	1840.963	1837.773	1837.773	1849.970	1842.106	1857.690	0	0
2017-05-10 14:05:00	1841.589	1842.293	1840.823	1840.968	1850.118	1842.256	1857.983	0	0
2017-05-10 14:00:00	1838.353	1841.656	1838.264	1841.555	1850.094	1842.361	1858.272	0	0
2017-05-10 13:55:00	1840.126	1840.924	1838.376	1838.457	1850.030	1842.430	1858.563	0	0
2017-05-10 13:50:00	1840.086	1840.086	1837.203	1840.004	1850.052	1842.581	1858.859	0	0
2017-05-10 13:45:00	1845.950	1845.958	1840.219	1840.219	1849.996	1842.724	1859.142	0	0
2017-05-10 13:40:00	1844.759	1846.214	1844.759	1845.981	1849.904	1842.878	1859.450	0	0
2017-05-10 13:35:00	1843.440	1844.712	1843.320	1844.712	1849.700	1842.975	1859.728	0	0
2017-05-10 13:30:00	1844.450	1844.450	1843.288	1843.392	1849.483	1843.083	1860.017	0	0
2017-05-10 13:25:00	1847.474	1847.521	1844.455	1844.455	1849.271	1843.193	1860.324	0	0
2017-05-10 13:20:00	1849.505	1849.505	1847.478	1847.478	1849.042	1843.256	1860.626	0	0
2017-05-10 13:15:00	1850.451	1850.628	1849.508	1849.508	1848.786	1843.300	1860.907	0	0
2017-05-10 13:10:00	1850.601	1850.685	1849.399	1850.513	1848.495	1843.268	1861.185	0	0
2017-05-10 13:05:00	1852.539	1852.551	1850.666	1850.754	1848.245	1843.245	1861.459	0	0
2017-05-10 13:00:00	1854.379	1854.557	1852.592	1852.592	1847.993	1843.207	1861.727	0	0
2017-05-10 12:55:00	1854.297	1854.297	1854.297	1854.297	1847.747	1843.197	1861.999	0	0
2017-05-10 11:30:00	1854.039	1854.039	1854.039	1854.039	1847.471	1843.214	1862.266	0	0
2017-05-10 11:25:00	1854.312	1854.678	1853.880	1854.051	1847.211	1843.220	1862.539	0	0
2017-05-10 11:20:00	1852.141	1854.322	1852.087	1854.322	1846.929	1843.227	1862.829	0	0
2017-05-10 11:15:00	1851.368	1852.242	1851.368	1852.100	1846.640	1843.226	1863.119	0	0
2017-05-10 11:10:00	1854.017	1854.017	1850.866	1851.484	1846.396	1843.271	1863.414	0	0
2017-05-10 11:05:00	1854.369	1854.431	1853.802	1853.997	1846.139	1843.323	1863.701	0	0
2017-05-10 11:00:00	1855.190	1855.232	1854.409	1854.409	1845.850	1843.350	1863.977	0	0
2017-05-10 10:55:00	1852.448	1855.227	1852.434	1855.187	1845.576	1843.389	1864.251	0	0
2017-05-10 10:50:00	1852.159	1852.465	1851.840	1852.465	1845.313	1843.414	1864.520	0	0
2017-05-10 10:45:00	1853.050	1853.085	1851.883	1852.123	1845.087	1843.490	1864.802	0	0
2017-05-10 10:40:00	1853.438	1853.580	1853.006	1853.087	1844.715	1843.578	1865.085	0	0
2017-05-10 10:35:00	1856.366	1856.366	1853.407	1853.407	1844.312	1843.669	1865.358	0	0
2017-05-10 10:30:00	1856.228	1856.896	1856.044	1856.428	1843.801	1843.768	1865.623	0	0
2017-05-10 10:25:00	1855.364	1856.172	1855.349	1856.077	1843.132	1843.845	1865.870	0	0
2017-05-10 10:20:00	1853.875	1855.427	1853.808	1855.369	1842.444	1843.930	1866.123	0	0
2017-05-10 10:15:00	1856.162	1856.222	1853.990	1854.024	1841.708	1843.990	1866.369	0	0
2017-05-10 10:10:00	1856.065	1856.220	1855.517	1856.162	1841.080	1844.061	1866.611	0	0
2017-05-10 10:05:00	1857.639	1857.639	1856.019	1856.033	1840.411	1844.147	1866.842	0	0
2017-05-10 10:00:00	1858.058	1858.156	1857.479	1857.600	1839.784	1844.243	1867.072	0	0
2017-05-10 09:55:00	1857.166	1859.380	1857.166	1858.120	1839.145	1844.349	1867.295	0	0
2017-05-10 09:50:00	1856.071	1857.095	1855.598	1857.095	1838.523	1844.459	1867.504	0	0
2017-05-10 09:45:00	1856.655	1857.004	1855.278	1855.941	1837.820	1844.520	1867.705	0	0
2017-05-10 09:40:00	1852.911	1856.576	1852.911	1856.576	1837.110	1844.579	1867.912	0	0
2017-05-10 09:35:00	1851.652	1852.976	1851.084	1852.976	1836.539	1844.599	1868.118	0	0
2017-05-10 09:30:00	1847.126	1851.578	1846.833	1851.578	1836.072	1844.669	1868.339	0	0
2017-05-10 09:25:00	1846.923	1846.923	1846.920	1846.920	1835.629	1844.756	1868.556	0	0
2017-05-09 15:00:00	1847.640	1847.640	1847.640	1847.640	1835.299	1844.914	1868.780	0	0
2017-05-09 14:55:00	1845.564	1846.976	1845.545	1846.953	1835.001	1845.088	1869.007	0	0
2017-05-09 14:50:00	1843.742	1845.572	1843.742	1845.549	1834.630	1845.268	1869.245	0	0
2017-05-09 14:45:00	1844.140	1844.442	1843.741	1843.741	1834.431	1845.489	1869.487	0	0
2017-05-09 14:40:00	1844.138	1844.205	1843.345	1844.129	1834.278	1845.727	1869.742	0	0
2017-05-09 14:35:00	1845.704	1845.830	1844.141	1844.169	1834.131	1846.014	1869.975	0	0
2017-05-09 14:30:00	1846.539	1847.236	1845.458	1845.643	1834.094	1846.303	1870.201	0	0
2017-05-09 14:25:00	1845.163	1846.446	1844.906	1846.446	1834.149	1846.594	1870.449	0	0
2017-05-09 14:20:00	1839.824	1845.482	1839.824	1845.190	1834.243	1846.886	1870.702	0	0
2017-05-09 14:15:00	1838.345	1839.728	1838.153	1839.728	1834.394	1847.211	1870.985	0	0
2017-05-09 14:10:00	1839.546	1839.566	1838.373	1838.373	1834.629	1847.630	1871.294	0	0
2017-05-09 14:05:00	1837.133	1839.623	1837.133	1839.572	1834.831	1848.038	1871.608	0	0
2017-05-09 14:00:00	1835.575	1837.189	1834.924	1837.189	1835.110	1848.464	1871.922	0	0
2017-05-09 13:55:00	1835.689	1835.803	1835.535	1835.641	1835.452	1848.926	1872.244	0	0
2017-05-09 13:50:00	1833.845	1835.873	1833.845	1835.749	1835.851	1849.404	1872.579	0	0
2017-05-09 13:45:00	1832.767	1833.878	1831.959	1833.878	1836.250	1849.863	1872.909	0	0
2017-05-09 13:40:00	1832.931	1833.609	1832.769	1832.818	1836.683	1850.375	1873.229	0	0
2017-05-09 13:35:00	1834.778	1834.778	1832.775	1832.975	1837.114	1850.889	1873.557	0	0
2017-05-09 13:30:00	1834.845	1834.920	1834.328	1834.678	1837.470	1851.418	1873.880	0	0
2017-05-09 13:25:00	1838.019	1838.019	1834.986	1834.986	1837.813	1851.923	1874.184	0	0
2017-05-09 13:20:00	1838.185	1838.906	1838.003	1838.003	1838.040	1852.444	1874.491	0	0
2017-05-09 13:15:00	1840.359	1840.359	1837.945	1838.126	1838.245	1852.946	1874.793	0	0
2017-05-09 13:10:00	1840.482	1840.884	1840.289	1840.289	1838.422	1853.460	1875.099	0	0
2017-05-09 13:05:00	1841.043	1841.064	1840.368	1840.528	1838.648	1853.958	1875.392	0	0
2017-05-09 13:00:00	1840.665	1841.740	1840.665	1841.045	1838.958	1854.431	1875.700	0	0
2017-05-09 12:55:00	1839.906	1839.906	1839.906	1839.906	1839.229	1854.891	1876.010	0	0
2017-05-09 11:30:00	1839.917	1839.917	1839.917	1839.917	1839.526	1855.378	1876.328	0	0
2017-05-09 11:25:00	1838.657	1839.903	1838.560	1839.903	1839.811	1855.850	1876.634	0	0
2017-05-09 11:20:00	1839.609	1839.609	1838.500	1838.614	1840.146	1856.329	1876.938	0	0
2017-05-09 11:15:00	1840.646	1840.747	1839.359	1839.566	1840.507	1856.830	1877.251	0	0
2017-05-09 11:10:00	1842.001	1842.001	1840.156	1840.701	1840.849	1857.334	1877.549	0	0
2017-05-09 11:05:00	1841.157	1843.500	1841.157	1842.046	1841.202	1857.826	1877.840	0	0
2017-05-09 11:00:00	1833.591	1841.133	1833.591	1841.133	1841.514	1858.305	1878.128	0	0
2017-05-09 10:55:00	1833.056	1833.607	1832.984	1833.518	1841.894	1858.772	1878.422	0	0
2017-05-09 10:50:00	1827.923	1832.924	1827.923	1832.924	1842.441	1859.271	1878.758	0	0
2017-05-09 10:45:00	1823.017	1827.870	1822.932	1827.870	1843.026	1859.756	1879.097	0	0
2017-05-09 10:40:00	1821.641	1823.013	1821.615	1823.013	1843.735	1860.314	1879.461	0	0
2017-05-09 10:35:00	1818.493	1821.675	1818.121	1821.675	1844.558	1860.899	1879.846	0	0
2017-05-09 10:30:00	1822.577	1822.596	1818.545	1818.545	1845.415	1861.538	1880.233	0	0
2017-05-09 10:25:00	1822.628	1823.075	1822.621	1822.652	1846.272	1862.213	1880.643	0	0
2017-05-09 10:20:00	1824.733	1824.757	1821.881	1822.669	1847.042	1862.849	1881.046	0	0
2017-05-09 10:15:00	1825.703	1825.703	1824.600	1824.700	1847.884	1863.495	1881.446	0	0
2017-05-09 10:10:00	1826.935	1826.959	1825.522	1825.672	1848.702	1864.136	1881.841	0	0
2017-05-09 10:05:00	1822.367	1827.044	1822.308	1826.991	1849.552	1864.762	1882.235	0	0
2017-05-09 10:00:00	1820.595	1821.951	1820.573	1821.951	1850.395	1865.383	1882.635	0	0
2017-05-09 09:55:00	1827.987	1828.033	1819.772	1820.434	1851.219	1866.037	1883.057	0	0
2017-05-09 09:50:00	1829.580	1829.628	1828.033	1828.058	1852.049	1866.706	1883.483	0	0
2017-05-09 09:45:00	1829.548	1830.187	1829.468	1829.586	1852.659	1867.321	1883.869	0	0
2017-05-09 09:40:00	1830.188	1830.188	1826.811	1829.467	1853.266	1867.919	1884.243	0	0
2017-05-09 09:35:00	1832.669	1833.990	1830.380	1830.380	1853.882	1868.505	1884.615	0	0
2017-05-09 09:30:00	1827.228	1832.871	1826.627	1832.773	1854.528	1869.101	1884.989	0	0
2017-05-09 09:25:00	1828.340	1828.384	1828.340	1828.384	1855.175	1869.621	1885.349	0	0
2017-05-08 15:00:00	1835.587	1835.587	1835.587	1835.587	1855.907	1870.218	1885.740	0	0
2017-05-08 14:55:00	1836.717	1836.717	1835.898	1836.106	1856.548	1870.749	1886.097	0	0
2017-05-08 14:50:00	1842.172	1842.172	1836.777	1836.796	1857.177	1871.311	1886.451	0	0
2017-05-08 14:45:00	1848.338	1848.338	1842.267	1842.299	1857.897	1871.859	1886.802	0	0
2017-05-08 14:40:00	1851.098	1851.098	1848.381	1848.381	1858.512	1872.341	1887.140	0	0
2017-05-08 14:35:00	1852.794	1853.402	1851.145	1851.145	1859.039	1872.821	1887.439	0	0
2017-05-08 14:30:00	1851.571	1852.806	1851.313	1852.751	1859.529	1873.273	1887.703	0	0
2017-05-08 14:25:00	1848.469	1851.541	1848.427	1851.466	1860.028	1873.710	1887.954	0	0
2017-05-08 14:20:00	1853.443	1853.443	1848.473	1848.473	1860.631	1874.184	1888.219	0	0
2017-05-08 14:15:00	1854.199	1854.786	1853.533	1853.548	1861.245	1874.695	1888.511	0	0
2017-05-08 14:10:00	1855.481	1855.483	1854.050	1854.282	1861.817	1875.137	1888.775	0	0
2017-05-08 14:05:00	1855.774	1857.120	1855.579	1855.579	1862.399	1875.561	1889.032	0	0
2017-05-08 14:00:00	1855.468	1855.818	1855.035	1855.723	1862.958	1876.023	1889.277	0	0
2017-05-08 13:55:00	1854.334	1855.504	1854.334	1855.504	1863.477	1876.481	1889.520	0	0
2017-05-08 13:50:00	1850.833	1854.359	1850.002	1854.359	1864.068	1876.950	1889.765	0	0
2017-05-08 13:45:00	1851.832	1851.973	1850.776	1850.821	1864.665	1877.456	1890.019	0	0
2017-05-08 13:40:00	1846.376	1851.915	1846.250	1851.813	1865.367	1877.995	1890.281	0	0
2017-05-08 13:35:00	1848.339	1848.414	1846.227	1846.345	1866.032	1878.515	1890.537	0	0
2017-05-08 13:30:00	1846.888	1848.254	1844.613	1848.236	1866.847	1879.101	1890.808	0	0
2017-05-08 13:25:00	1851.535	1851.535	1846.928	1846.956	1867.648	1879.673	1891.089	0	0
2017-05-08 13:20:00	1856.152	1856.152	1851.613	1851.613	1868.498	1880.246	1891.383	0	0
2017-05-08 13:15:00	1854.652	1856.196	1854.185	1856.005	1869.267	1880.801	1891.653	0	0
2017-05-08 13:10:00	1854.620	1855.043	1854.547	1854.627	1869.905	1881.317	1891.901	0	0
2017-05-08 13:05:00	1854.149	1854.738	1852.335	1854.738	1870.554	1881.858	1892.148	0	0
2017-05-08 13:00:00	1856.368	1856.384	1854.143	1854.194	1871.230	1882.430	1892.393	0	0
2017-05-08 12:55:00	1856.627	1856.627	1856.627	1856.627	1871.888	1883.013	1892.642	0	0
2017-05-08 11:30:00	1856.674	1856.674	1856.674	1856.674	1872.512	1883.557	1892.891	0	0
2017-05-08 11:25:00	1858.271	1858.353	1856.546	1856.683	1873.154	1884.079	1893.139	0	0
2017-05-08 11:20:00	1857.548	1858.828	1857.271	1858.333	1873.818	1884.604	1893.390	0	0
2017-05-08 11:15:00	1860.172	1860.172	1857.632	1857.632	1874.450	1885.114	1893.625	0	0
2017-05-08 11:10:00	1860.869	1861.433	1860.120	1860.120	1875.096	1885.626	1893.866	0	0
2017-05-08 11:05:00	1862.147	1862.147	1859.119	1860.897	1875.650	1886.113	1894.100	0	0
2017-05-08 11:00:00	1863.261	1863.497	1862.193	1862.193	1876.101	1886.592	1894.328	0	0
2017-05-08 10:55:00	1864.198	1864.226	1863.164	1863.292	1876.485	1887.047	1894.549	0	0
2017-05-08 10:50:00	1864.593	1865.239	1864.163	1864.168	1876.894	1887.478	1894.764	0	0
2017-05-08 10:45:00	1861.478	1864.606	1861.437	1864.525	1877.240	1887.896	1894.974	0	0
2017-05-08 10:40:00	1861.108	1861.657	1861.004	1861.416	1877.660	1888.317	1895.182	0	0
2017-05-08 10:35:00	1864.785	1864.785	1860.788	1861.136	1878.153	1888.747	1895.405	0	0
2017-05-08 10:30:00	1865.554	1865.554	1864.508	1864.750	1878.657	1889.161	1895.625	0	0
2017-05-08 10:25:00	1868.183	1868.185	1865.605	1865.612	1879.105	1889.536	1895.824	0	0
2017-05-08 10:20:00	1869.193	1870.205	1868.152	1868.159	1879.570	1889.901	1896.013	0	0
2017-05-08 10:15:00	1863.028	1869.130	1863.028	1869.130	1879.973	1890.242	1896.193	0	0
2017-05-08 10:10:00	1861.877	1863.181	1861.814	1863.181	1880.371	1890.550	1896.371	0	0
2017-05-08 10:05:00	1858.685	1861.960	1858.685	1861.905	1880.855	1890.891	1896.578	0	0
2017-05-08 10:00:00	1859.964	1859.964	1855.651	1858.595	1881.364	1891.245	1896.791	0	0
2017-05-08 09:55:00	1860.275	1861.154	1859.934	1859.934	1881.983	1891.636	1897.035	0	0
2017-05-08 09:50:00	1862.553	1862.553	1858.945	1860.261	1882.571	1892.009	1897.265	0	0
2017-05-08 09:45:00	1865.089	1865.089	1862.698	1862.698	1883.129	1892.356	1897.497	0	0
2017-05-08 09:40:00	1865.047	1866.466	1865.047	1865.085	1883.674	1892.647	1897.717	0	0
2017-05-08 09:35:00	1867.521	1867.526	1861.693	1864.986	1884.067	1892.927	1897.930	0	0
2017-05-08 09:30:00	1866.644	1869.341	1864.721	1867.643	1884.529	1893.223	1898.133	0	0
2017-05-08 09:25:00	1867.525	1867.560	1867.525	1867.560	1884.950	1893.485	1898.328	0	0
2017-05-05 15:00:00	1872.788	1872.788	1872.788	1872.788	1885.445	1893.756	1898.520	0	0
2017-05-05 14:55:00	1874.695	1874.695	1873.064	1873.074	1885.822	1893.937	1898.687	0	0
2017-05-05 14:50:00	1875.635	1876.179	1874.727	1874.727	1886.170	1894.099	1898.843	0	0
2017-05-05 14:45:00	1877.688	1877.688	1875.455	1875.634	1886.603	1894.303	1898.986	0	0
2017-05-05 14:40:00	1881.674	1881.740	1877.681	1877.681	1887.018	1894.518	1899.110	0	0
2017-05-05 14:35:00	1879.255	1881.757	1879.142	1881.655	1887.392	1894.759	1899.226	0	0
2017-05-05 14:30:00	1882.079	1882.079	1879.160	1879.160	1887.736	1894.958	1899.323	0	0
2017-05-05 14:25:00	1883.545	1884.195	1882.143	1882.143	1888.145	1895.178	1899.449	0	0
2017-05-05 14:20:00	1883.502	1883.550	1882.559	1883.403	1888.456	1895.380	1899.554	0	0
2017-05-05 14:15:00	1881.811	1883.699	1881.811	1883.500	1888.723	1895.562	1899.672	0	0
2017-05-05 14:10:00	1884.926	1885.016	1880.836	1881.657	1889.089	1895.754	1899.782	0	0
2017-05-05 14:05:00	1884.210	1885.525	1884.161	1885.061	1889.484	1895.954	1899.900	0	0
2017-05-05 14:00:00	1885.840	1885.956	1884.225	1884.225	1889.833	1896.083	1899.998	0	0
2017-05-05 13:55:00	1885.098	1886.109	1884.678	1885.896	1890.246	1896.225	1900.096	0	0
2017-05-05 13:50:00	1887.146	1887.668	1885.102	1885.102	1890.624	1896.341	1900.189	0	0
2017-05-05 13:45:00	1888.211	1888.211	1886.317	1887.070	1890.997	1896.445	1900.289	0	0
2017-05-05 13:40:00	1889.381	1889.393	1888.286	1888.286	1891.356	1896.538	1900.365	0	0
2017-05-05 13:35:00	1889.979	1890.167	1889.461	1889.481	1891.698	1896.640	1900.441	0	0
2017-05-05 13:30:00	1887.948	1890.121	1887.948	1890.049	1891.993	1896.739	1900.510	0	0
2017-05-05 13:25:00	1887.143	1887.901	1886.394	1887.883	1892.334	1896.827	1900.571	0	0
2017-05-05 13:20:00	1888.636	1888.739	1887.077	1887.077	1892.729	1896.969	1900.640	0	0
2017-05-05 13:15:00	1887.097	1888.583	1887.080	1888.583	1893.163	1897.129	1900.703	0	0
2017-05-05 13:10:00	1887.800	1887.825	1886.980	1887.062	1893.629	1897.278	1900.762	0	0
2017-05-05 13:05:00	1888.795	1888.795	1887.707	1887.854	1894.137	1897.417	1900.829	0	0
2017-05-05 13:00:00	1890.255	1890.682	1888.667	1888.739	1894.602	1897.546	1900.894	0	0
2017-05-05 12:55:00	1889.887	1889.887	1889.887	1889.887	1895.004	1897.672	1900.959	0	0
2017-05-05 11:30:00	1889.931	1889.931	1889.931	1889.931	1895.391	1897.765	1901.020	0	0
2017-05-05 11:25:00	1887.798	1890.149	1887.798	1889.960	1895.777	1897.854	1901.075	0	0
2017-05-05 11:20:00	1883.577	1887.823	1883.577	1887.800	1896.156	1897.951	1901.129	0	0
2017-05-05 11:15:00	1881.300	1883.461	1880.318	1883.461	1896.576	1898.072	1901.178	0	0
2017-05-05 11:10:00	1883.840	1883.893	1881.390	1881.393	1897.083	1898.244	1901.256	0	0
2017-05-05 11:05:00	1881.406	1883.839	1881.177	1883.731	1897.608	1898.438	1901.344	0	0
2017-05-05 11:00:00	1885.561	1885.605	1881.358	1881.450	1898.062	1898.608	1901.421	0	0
2017-05-05 10:55:00	1886.025	1886.060	1885.343	1885.550	1898.552	1898.794	1901.511	0	0
2017-05-05 10:50:00	1886.308	1886.901	1886.031	1886.068	1898.974	1898.928	1901.582	0	0
2017-05-05 10:45:00	1887.160	1887.160	1884.378	1886.326	1899.341	1899.074	1901.651	0	0
2017-05-05 10:40:00	1888.809	1889.168	1887.181	1887.181	1899.665	1899.242	1901.719	0	0
2017-05-05 10:35:00	1888.316	1888.871	1887.745	1888.842	1899.967	1899.397	1901.773	0	0
2017-05-05 10:30:00	1889.005	1889.067	1888.193	1888.314	1900.233	1899.545	1901.813	0	0
2017-05-05 10:25:00	1887.497	1889.115	1887.497	1889.001	1900.511	1899.707	1901.859	0	0
2017-05-05 10:20:00	1887.374	1887.422	1884.820	1887.422	1900.729	1899.887	1901.901	0	0
2017-05-05 10:15:00	1889.469	1889.469	1887.342	1887.342	1900.927	1900.077	1901.963	0	0
2017-05-05 10:10:00	1889.380	1890.337	1889.380	1889.538	1901.126	1900.259	1902.022	0	0
2017-05-05 10:05:00	1888.200	1889.330	1887.252	1889.330	1901.289	1900.417	1902.081	0	0
2017-05-05 10:00:00	1889.975	1890.106	1888.140	1888.140	1901.446	1900.568	1902.144	0	0
2017-05-05 09:55:00	1884.760	1890.042	1884.760	1889.949	1901.584	1900.724	1902.208	0	0
2017-05-05 09:50:00	1888.091	1888.472	1883.172	1884.752	1901.620	1900.877	1902.270	0	0
2017-05-05 09:45:00	1888.696	1888.696	1887.615	1888.108	1901.786	1901.077	1902.364	0	0
2017-05-05 09:40:00	1892.396	1892.396	1888.658	1888.658	1901.916	1901.261	1902.449	0	0
2017-05-05 09:35:00	1891.612	1893.048	1891.404	1892.344	1902.020	1901.445	1902.524	0	0
2017-05-05 09:30:00	1889.359	1891.715	1887.144	1891.632	1902.066	1901.592	1902.579	0	0
2017-05-05 09:25:00	1890.472	1890.486	1890.472	1890.486	1902.051	1901.745	1902.638	0	0
2017-05-04 15:00:00	1896.357	1896.357	1896.357	1896.357	1902.028	1901.938	1902.695	0	0
2017-05-04 14:55:00	1896.348	1896.432	1896.210	1896.370	1902.004	1902.057	1902.710	0	0
2017-05-04 14:50:00	1898.951	1898.951	1896.344	1896.380	1902.018	1902.133	1902.733	0	0
2017-05-04 14:45:00	1899.587	1900.153	1898.890	1898.890	1902.125	1902.199	1902.769	0	0
2017-05-04 14:40:00	1897.703	1899.640	1897.478	1899.573	1902.180	1902.253	1902.787	0	0
2017-05-04 14:35:00	1896.626	1897.891	1896.293	1897.717	1902.212	1902.326	1902.774	0	0
2017-05-04 14:30:00	1901.845	1901.906	1896.718	1896.718	1902.305	1902.413	1902.782	0	0
2017-05-04 14:25:00	1901.391	1901.948	1901.159	1901.813	1902.401	1902.502	1902.785	0	0
2017-05-04 14:20:00	1902.390	1902.538	1901.170	1901.447	1902.418	1902.530	1902.754	0	0
2017-05-04 14:15:00	1904.840	1904.855	1902.490	1902.490	1902.423	1902.560	1902.747	0	0
2017-05-04 14:10:00	1904.698	1905.262	1904.605	1904.876	1902.333	1902.580	1902.733	0	0
2017-05-04 14:05:00	1903.901	1904.803	1903.859	1904.764	1902.203	1902.582	1902.706	0	0
2017-05-04 14:00:00	1905.051	1905.051	1903.483	1903.775	1902.057	1902.568	1902.677	0	0
2017-05-04 13:55:00	1905.411	1905.586	1904.969	1905.007	1901.893	1902.558	1902.668	0	0
2017-05-04 13:50:00	1904.239	1905.377	1903.916	1905.377	1901.720	1902.515	1902.652	0	0
2017-05-04 13:45:00	1907.074	1907.107	1904.232	1904.276	1901.582	1902.506	1902.621	0	0
2017-05-04 13:40:00	1907.619	1907.700	1906.954	1907.082	1901.484	1902.520	1902.587	0	0
2017-05-04 13:35:00	1908.901	1908.901	1907.461	1907.602	1901.320	1902.506	1902.528	0	0
2017-05-04 13:30:00	1911.852	1911.876	1908.817	1908.817	1901.210	1902.486	1902.470	0	0
2017-05-04 13:25:00	1912.479	1912.479	1911.578	1911.887	1901.094	1902.438	1902.416	0	0
2017-05-04 13:20:00	1911.133	1912.618	1911.133	1912.461	1900.927	1902.356	1902.342	0	0
2017-05-04 13:15:00	1908.906	1911.080	1908.632	1911.080	1900.698	1902.272	1902.276	0	0
2017-05-04 13:10:00	1909.265	1909.587	1908.821	1908.863	1900.491	1902.224	1902.212	0	0
2017-05-04 13:05:00	1909.267	1909.318	1908.965	1909.204	1900.340	1902.198	1902.141	0	0
2017-05-04 13:00:00	1909.396	1910.077	1909.161	1909.258	1900.139	1902.176	1902.071	0	0
2017-05-04 12:55:00	1908.883	1908.883	1908.883	1908.883	1899.930	1902.136	1901.980	0	0
2017-05-04 11:30:00	1908.819	1908.819	1908.819	1908.819	1899.746	1902.107	1901.898	0	0
2017-05-04 11:25:00	1907.671	1908.807	1907.613	1908.791	1899.568	1902.088	1901.830	0	0
2017-05-04 11:20:00	1906.348	1907.686	1906.348	1907.656	1899.406	1902.064	1901.748	0	0
2017-05-04 11:15:00	1905.936	1906.411	1905.796	1906.411	1899.267	1902.052	1901.657	0	0
2017-05-04 11:10:00	1906.704	1906.712	1905.794	1905.948	1899.154	1902.050	1901.539	0	0
2017-05-04 11:05:00	1904.349	1906.881	1904.349	1906.671	1899.036	1902.052	1901.406	0	0
2017-05-04 11:00:00	1902.524	1904.432	1902.234	1904.432	1898.881	1902.047	1901.276	0	0
2017-05-04 10:55:00	1902.329	1902.639	1902.139	1902.502	1898.806	1902.063	1901.151	0	0
2017-05-04 10:50:00	1902.106	1902.582	1901.936	1902.287	1898.819	1902.090	1901.028	0	0
2017-05-04 10:45:00	1902.285	1903.052	1902.144	1902.144	1898.827	1902.113	1900.906	0	0
2017-05-04 10:40:00	1899.811	1902.280	1899.811	1902.217	1898.858	1902.125	1900.784	0	0
2017-05-04 10:35:00	1897.255	1899.912	1897.172	1899.890	1898.903	1902.143	1900.651	0	0
2017-05-04 10:30:00	1897.333	1898.221	1897.199	1897.323	1899.046	1902.193	1900.535	0	0
2017-05-04 10:25:00	1897.664	1897.688	1897.094	1897.322	1899.226	1902.266	1900.418	0	0
2017-05-04 10:20:00	1897.150	1898.063	1897.123	1897.660	1899.391	1902.336	1900.280	0	0
2017-05-04 10:15:00	1894.960	1897.206	1894.960	1897.206	1899.546	1902.434	1900.142	0	0
2017-05-04 10:10:00	1891.689	1895.004	1891.651	1895.004	1899.689	1902.522	1899.977	0	0
2017-05-04 10:05:00	1893.166	1893.399	1891.403	1891.754	1899.864	1902.638	1899.812	0	0
2017-05-04 10:00:00	1894.447	1894.543	1893.062	1893.095	1900.135	1902.788	1899.663	0	0
2017-05-04 09:55:00	1894.013	1895.132	1893.931	1894.566	1900.368	1902.934	1899.511	0	0
2017-05-04 09:50:00	1894.635	1894.927	1893.664	1893.883	1900.607	1903.043	1899.325	0	0
2017-05-04 09:45:00	1890.858	1894.635	1890.858	1894.635	1900.870	1903.171	1899.130	0	0
2017-05-04 09:40:00	1889.356	1891.616	1889.356	1890.896	1901.117	1903.284	1898.964	0	0
2017-05-04 09:35:00	1895.243	1895.440	1887.180	1889.305	1901.438	1903.436	1898.830	0	0
2017-05-04 09:30:00	1895.874	1895.874	1893.036	1895.152	1901.849	1903.587	1898.696	0	0
2017-05-04 09:25:00	1897.091	1897.096	1897.091	1897.096	1902.110	1903.668	1898.551	0	0
2017-05-03 15:00:00	1901.750	1901.750	1901.750	1901.750	1902.248	1903.702	1898.394	0	0
2017-05-03 14:55:00	1901.174	1901.629	1901.090	1901.629	1902.272	1903.694	1898.204	0	0
2017-05-03 14:50:00	1902.309	1902.413	1901.102	1901.163	1902.326	1903.687	1898.011	0	0
2017-05-03 14:45:00	1901.580	1902.437	1901.347	1902.352	1902.440	1903.719	1897.856	0	0
2017-05-03 14:40:00	1902.682	1902.696	1901.513	1901.513	1902.522	1903.727	1897.705	0	0
2017-05-03 14:35:00	1901.683	1903.043	1901.683	1902.703	1902.604	1903.781	1897.572	0	0
2017-05-03 14:30:00	1897.954	1901.662	1897.627	1901.662	1902.642	1903.811	1897.426	0	0
2017-05-03 14:25:00	1898.336	1898.822	1897.955	1898.026	1902.697	1903.847	1897.313	0	0
2017-05-03 14:20:00	1897.529	1898.384	1897.529	1898.364	1902.827	1903.913	1897.247	0	0
2017-05-03 14:15:00	1895.660	1897.480	1895.660	1897.478	1902.961	1903.967		0	0
2017-05-03 14:10:00	1896.324	1896.324	1893.552	1895.555	1903.079	1904.038		0	0
2017-05-03 14:05:00	1898.409	1898.564	1896.357	1896.357	1903.224	1904.132		0	0
2017-05-03 14:00:00	1899.446	1899.446	1898.388	1898.457	1903.310	1904.191		0	0
2017-05-03 13:55:00	1898.928	1899.471	1898.883	1899.409	1903.430	1904.242		0	0
2017-05-03 13:50:00	1902.078	1902.079	1898.883	1898.883	1903.556	1904.281		0	0
2017-05-03 13:45:00	1903.019	1903.058	1901.950	1902.102	1903.692	1904.314		0	0
2017-05-03 13:40:00	1903.557	1904.048	1903.006	1903.006	1903.762	1904.310		0	0
2017-05-03 13:35:00	1901.034	1903.526	1901.034	1903.510	1903.781	1904.278		0	0
2017-05-03 13:30:00	1900.726	1901.015	1900.408	1901.015	1903.785	1904.247		0	0
2017-05-03 13:25:00	1901.322	1901.697	1900.742	1900.742	1903.846	1904.240		0	0
2017-05-03 13:20:00	1899.288	1901.344	1899.282	1901.300	1903.957	1904.241		0	0
2017-05-03 13:15:00	1898.876	1899.221	1897.893	1899.180	1904.056	1904.246		0	0
2017-05-03 13:10:00	1899.701	1899.818	1898.817	1898.817	1904.212	1904.274		0	0
2017-05-03 13:05:00	1899.846	1899.921	1899.643	1899.686	1904.341	1904.296		0	0
2017-05-03 13:00:00	1900.834	1900.834	1899.694	1899.872	1904.468	1904.307		0	0
2017-05-03 12:55:00	1900.724	1900.724	1900.724	1900.724	1904.608	1904.283		0	0
2017-05-03 11:30:00	1900.710	1900.710	1900.710	1900.710	1904.723	1904.268		0	0
2017-05-03 11:25:00	1900.086	1900.743	1900.047	1900.743	1904.836	1904.250		0	0
2017-05-03 11:20:00	1898.885	1900.127	1898.827	1900.073	1904.946	1904.234		0	0
2017-05-03 11:15:00	1900.654	1900.654	1897.975	1898.914	1905.067	1904.227		0	0
2017-05-03 11:10:00	1903.093	1903.130	1900.683	1900.683	1905.212	1904.237		0	0
2017-05-03 11:05:00	1902.760	1903.268	1902.419	1903.152	1905.319	1904.229		0	0
2017-05-03 11:00:00	1903.645	1903.862	1902.673	1902.673	1905.361	1904.196		0	0
2017-05-03 10:55:00	1904.473	1904.473	1903.340	1903.680	1905.399	1904.149		0	0
2017-05-03 10:50:00	1907.023	1907.092	1904.452	1904.469	1905.392	1904.080		0	0
2017-05-03 10:45:00	1906.365	1907.561	1906.291	1907.042	1905.384	1904.010		0	0
2017-05-03 10:40:00	1905.588	1906.357	1905.178	1906.357	1905.339	1903.914		0	0
2017-05-03 10:35:00	1905.466	1905.951	1905.437	1905.566	1905.305	1903.850		0	0
2017-05-03 10:30:00	1904.221	1905.435	1904.087	1905.406	1905.281	1903.785		0	0
2017-05-03 10:25:00	1903.780	1904.354	1903.200	1904.332	1905.322	1903.745		0	0
2017-05-03 10:20:00	1905.322	1905.350	1903.753	1903.753	1905.356	1903.720		0	0
2017-05-03 10:15:00	1904.783	1905.679	1904.783	1905.328	1905.413	1903.692		0	0
2017-05-03 10:10:00	1906.428	1906.436	1904.357	1904.734	1905.441	1903.663		0	0
2017-05-03 10:05:00	1907.042	1907.618	1906.506	1906.531	1905.499	1903.650		0	0
2017-05-03 10:00:00	1907.084	1907.456	1906.934	1907.024	1905.479	1903.636		0	0
2017-05-03 09:55:00	1906.965	1907.036	1906.172	1906.992	1905.472	1903.602		0	0
2017-05-03 09:50:00	1909.757	1909.891	1906.932	1906.932	1905.452	1903.566		0	0
2017-05-03 09:45:00	1908.322	1911.128	1908.322	1909.827	1905.435	1903.531		0	0
2017-05-03 09:40:00	1904.034	1908.221	1904.034	1908.221	1905.325	1903.451		0	0
2017-05-03 09:35:00	1902.964	1903.998	1901.317	1903.998	1905.227	1903.364		0	0
2017-05-03 09:30:00	1903.824	1903.850	1902.267	1902.940	1905.156	1903.332		0	0
2017-05-03 09:25:00	1904.547	1904.547	1904.353	1904.353	1905.117	1903.340		0	0
2017-05-02 15:00:00	1906.877	1906.877	1906.877	1906.877	1905.047	1903.320		0	0
2017-05-02 14:55:00	1905.485	1906.440	1905.485	1906.432	1904.998	1903.222		0	0
2017-05-02 14:50:00	1904.580	1905.610	1904.580	1905.610	1904.933	1903.150		0	0
2017-05-02 14:45:00	1904.447	1904.604	1904.061	1904.593	1904.959	1903.068		0	0
2017-05-02 14:40:00	1904.384	1904.459	1904.149	1904.442	1904.980	1902.977		0	0
2017-05-02 14:35:00	1905.142	1905.350	1904.442	1904.497	1904.996	1902.933		0	0
2017-05-02 14:30:00	1903.375	1905.078	1903.323	1905.078	1904.999	1902.885		0	0
2017-05-02 14:25:00	1902.793	1903.353	1902.535	1903.353	1904.973	1902.829		0	0
2017-05-02 14:20:00	1900.645	1902.856	1900.600	1902.821	1904.997	1902.786		0	0
2017-05-02 14:15:00	1904.542	1904.542	1900.587	1900.637	1905.041	1902.777		0	0
2017-05-02 14:10:00	1905.726	1905.726	1904.504	1904.504	1905.073	1902.790		0	0
2017-05-02 14:05:00	1905.682	1905.901	1905.418	1905.709	1905.054	1902.735		0	0
2017-05-02 14:00:00	1905.588	1906.119	1905.588	1905.660	1905.005	1902.654		0	0
2017-05-02 13:55:00	1904.016	1905.591	1903.906	1905.591	1904.936	1902.550		0	0
2017-05-02 13:50:00	1903.628	1904.185	1903.628	1903.979	1904.858	1902.454		0	0
2017-05-02 13:45:00	1903.981	1903.981	1903.303	1903.715	1904.775	1902.394		0	0
2017-05-02 13:40:00	1906.284	1906.439	1904.033	1904.033	1904.708	1902.328		0	0
2017-05-02 13:35:00	1906.340	1906.459	1905.914	1906.291	1904.635	1902.280		0	0
2017-05-02 13:30:00	1907.017	1907.021	1906.261	1906.284	1904.525	1902.200		0	0
2017-05-02 13:25:00	1905.261	1907.085	1905.237	1906.979	1904.436	1902.085		0	0
2017-05-02 13:20:00	1906.006	1906.006	1904.960	1905.254	1904.336	1901.966		0	0
2017-05-02 13:15:00	1906.887	1906.973	1905.982	1906.013	1904.250	1901.824		0	0
2017-05-02 13:10:00	1906.456	1906.904	1906.367	1906.904	1904.146	1901.689		0	0
2017-05-02 13:05:00	1906.420	1906.786	1906.269	1906.443	1903.958	1901.573		0	0
2017-05-02 13:00:00	1906.528	1906.976	1906.152	1906.379	1903.813	1901.432		0	0
2017-05-02 12:55:00	1906.226	1906.226	1906.226	1906.226	1903.663	1901.262		0	0
2017-05-02 11:30:00	1906.157	1906.157	1906.157	1906.157	1903.521	1901.029		0	0
2017-05-02 11:25:00	1905.906	1906.179	1905.459	1906.170	1903.387	1900.759		0	0
2017-05-02 11:20:00	1905.298	1906.248	1905.295	1906.001	1903.262	1900.504		0	0
2017-05-02 11:15:00	1904.545	1905.275	1904.510	1905.275	1903.139	1900.239		0	0
2017-05-02 11:10:00	1903.299	1904.546	1903.299	1904.546	1903.030	1899.965		0	0
2017-05-02 11:05:00	1903.999	1903.999	1902.956	1903.365	1902.899	1899.698		0	0
2017-05-02 11:00:00	1904.849	1904.916	1903.962	1904.029	1902.767	1899.443		0	0
2017-05-02 10:55:00	1904.601	1904.845	1904.351	1904.822	1902.637	1899.159		0	0
2017-05-02 10:50:00	1904.302	1904.639	1904.132	1904.639	1902.489	1898.877		0	0
2017-05-02 10:45:00	1907.528	1907.528	1904.221	1904.361	1902.395	1898.570		0	0
2017-05-02 10:40:00	1906.057	1907.610	1906.009	1907.470	1902.290	1898.224		0	0
2017-05-02 10:35:00	1906.533	1906.588	1905.924	1906.010	1902.167	1897.850		0	0
2017-05-02 10:30:00	1906.762	1907.078	1906.607	1906.607	1902.083	1897.432		0	0
2017-05-02 10:25:00	1907.678	1907.793	1906.709	1906.719	1901.972	1896.985		0	0
2017-05-02 10:20:00	1905.506	1907.673	1905.402	1907.666	1901.886	1896.538		0	0
2017-05-02 10:15:00	1906.612	1906.785	1905.261	1905.550	1901.801	1896.089		0	0
2017-05-02 10:10:00	1905.999	1906.639	1905.649	1906.639	1901.793	1895.607		0	0
2017-05-02 10:05:00	1906.098	1907.203	1905.888	1905.981	1901.733	1895.089		0	0
2017-05-02 10:00:00	1904.395	1906.083	1904.353	1906.083	1901.681	1894.645		0	0
2017-05-02 09:55:00	1903.262	1904.348	1903.000	1904.348	1901.627	1894.224		0	0
2017-05-02 09:50:00	1900.535	1903.365	1900.508	1903.317	1901.577	1893.804		0	0
2017-05-02 09:45:00	1900.923	1900.923	1897.980	1900.472	1901.501	1893.433		0	0
2017-05-02 09:40:00	1900.854	1901.435	1900.250	1900.961	1901.508	1893.085		0	0
2017-05-02 09:35:00	1904.485	1905.253	1900.859	1900.859	1901.563	1892.714		0	0
2017-05-02 09:30:00	1902.138	1904.439	1900.698	1904.439	1901.593	1892.335		0	0
2017-05-02 09:25:00	1903.323	1903.323	1903.153	1903.153	1901.445	1891.992		0	0
2017-04-28 15:00:00	1906.915	1906.915	1906.915	1906.915	1901.368	1891.683		0	0
2017-04-28 14:55:00	1905.209	1905.742	1905.198	1905.677	1901.177	1891.363		0	0
2017-04-28 14:50:00	1904.639	1905.327	1904.612	1905.209	1900.974	1891.042		0	0
2017-04-28 14:45:00	1903.795	1904.692	1903.795	1904.641	1900.870	1890.779		0	0
2017-04-28 14:40:00	1904.598	1904.612	1903.351	1903.816	1900.772	1890.581		0	0
2017-04-28 14:35:00	1905.021	1905.067	1904.524	1904.524	1900.685			0	0
2017-04-28 14:30:00	1902.218	1905.097	1902.218	1905.029	1900.575			0	0
2017-04-28 14:25:00	1903.564	1903.608	1902.140	1902.243	1900.513			0	0
2017-04-28 14:20:00	1903.137	1903.682	1903.039	1903.545	1900.506			0	0
2017-04-28 14:15:00	1902.237	1903.351	1902.208	1903.243	1900.417			0	0
2017-04-28 14:10:00	1901.724	1902.232	1901.702	1902.220	1900.304			0	0
2017-04-28 14:05:00	1899.818	1901.702	1899.543	1901.702	1900.163			0	0
2017-04-28 14:00:00	1900.471	1900.556	1899.809	1899.831	1900.051			0	0
2017-04-28 13:55:00	1900.362	1900.550	1900.291	1900.378	1900.013			0	0
2017-04-28 13:50:00	1900.790	1900.943	1900.312	1900.349	1899.949			0	0
2017-04-28 13:45:00	1901.785	1901.866	1900.750	1900.786	1899.925			0	0
2017-04-28 13:40:00	1901.998	1902.194	1901.854	1901.856	1899.876			0	0
2017-04-28 13:35:00	1900.988	1902.022	1900.896	1901.969	1899.734			0	0
2017-04-28 13:30:00	1900.890	1901.454	1900.890	1900.986	1899.597			0	0
2017-04-28 13:25:00	1897.436	1900.799	1896.982	1900.799	1899.399			0	0
2017-04-28 13:20:00	1899.146	1899.352	1897.520	1897.520	1899.231			0	0
2017-04-28 13:15:00	1899.018	1899.165	1898.763	1899.163	1899.187			0	0
2017-04-28 13:10:00	1899.047	1899.051	1898.042	1898.890	1899.051			0	0
2017-04-28 13:05:00	1899.460	1899.563	1899.142	1899.142	1898.860			0	0
2017-04-28 13:00:00	1900.245	1900.856	1899.452	1899.452	1898.536			0	0
2017-04-28 12:55:00	1899.910	1899.910	1899.910	1899.910	1898.131			0	0
2017-04-28 11:30:00	1899.851	1899.851	1899.851	1899.851	1897.747			0	0
2017-04-28 11:25:00	1897.969	1899.858	1897.969	1899.832	1897.339			0	0
2017-04-28 11:20:00	1896.790	1897.979	1896.567	1897.978	1896.901			0	0
2017-04-28 11:15:00	1897.484	1897.720	1896.752	1896.773	1896.498			0	0
2017-04-28 11:10:00	1897.389	1897.545	1896.572	1897.540	1896.119			0	0
2017-04-28 11:05:00	1899.950	1900.343	1897.373	1897.406	1895.681			0	0
2017-04-28 11:00:00	1899.160	1899.924	1898.777	1899.924	1895.265			0	0
2017-04-28 10:55:00	1901.443	1901.496	1899.055	1899.124	1894.744			0	0
2017-04-28 10:50:00	1901.843	1902.302	1901.320	1901.320	1894.158			0	0
2017-04-28 10:45:00	1901.007	1901.838	1900.683	1901.838	1893.533			0	0
2017-04-28 10:40:00	1902.373	1902.578	1901.016	1901.016	1892.780			0	0
2017-04-28 10:35:00	1903.401	1903.470	1902.256	1902.422	1891.999			0	0
2017-04-28 10:30:00	1905.110	1905.159	1903.445	1903.445	1891.191			0	0
2017-04-28 10:25:00	1903.605	1906.108	1903.531	1905.137	1890.376			0	0
2017-04-28 10:20:00	1903.405	1903.765	1903.349	1903.616	1889.422			0	0
2017-04-28 10:15:00	1903.405	1904.154	1903.405	1903.411	1888.445			0	0
2017-04-28 10:10:00	1901.936	1903.455	1901.936	1903.391	1887.608			0	0
2017-04-28 10:05:00	1899.411	1901.853	1898.995	1901.853	1886.820			0	0
2017-04-28 10:00:00	1900.734	1901.055	1899.452	1899.509	1886.031			0	0
2017-04-28 09:55:00	1903.659	1903.775	1900.764	1900.806	1885.364			0	0
2017-04-28 09:50:00	1902.397	1903.690	1902.386	1903.684	1884.662			0	0
2017-04-28 09:45:00	1897.134	1902.406	1897.134	1902.406	1883.867			0	0
2017-04-28 09:40:00	1899.274	1899.466	1896.069	1897.042	1883.077			0	0
2017-04-28 09:35:00	1897.452	1899.373	1897.429	1899.292	1882.538			0	0
2017-04-28 09:30:00	1894.240	1897.479	1893.073	1897.379	1881.998			0	0
2017-04-28 09:25:00	1895.557	1895.557	1895.488	1895.488	1881.549			0	0
2017-04-27 15:00:00	1900.034	1900.034	1900.034	1900.034	1881.109			0	0
2017-04-27 14:55:00	1899.479	1899.739	1899.300	1899.717	1880.688			0	0
2017-04-27 14:50:00	1899.067	1899.561	1898.835	1899.467	1880.391			0	0
2017-04-27 14:45:00	1901.831	1901.831	1899.053	1899.053				0	0
2017-04-27 14:40:00	1901.966	1902.556	1901.906	1901.906				0	0
2017-04-27 14:35:00	1899.171	1901.907	1899.140	1901.907				0	0
2017-04-27 14:30:00	1897.592	1899.072	1897.571	1899.072				0	0
2017-04-27 14:25:00	1895.232	1897.615	1895.188	1897.615				0	0
2017-04-27 14:20:00	1896.055	1896.055	1894.888	1895.186				0	0
2017-04-27 14:15:00	1897.966	1898.015	1896.042	1896.058				0	0
2017-04-27 14:10:00	1897.043	1898.133	1896.615	1897.946				0	0
2017-04-27 14:05:00	1899.187	1899.187	1897.115	1897.168				0	0
2017-04-27 14:00:00	1898.336	1899.164	1898.325	1899.164				0	0
2017-04-27 13:55:00	1894.705	1898.328	1894.476	1898.328				0	0
2017-04-27 13:50:00	1895.160	1895.435	1894.684	1894.751				0	0
2017-04-27 13:45:00	1891.107	1895.116	1890.585	1895.116				0	0
2017-04-27 13:40:00	1892.401	1892.424	1891.079	1891.079				0	0
2017-04-27 13:35:00	1895.273	1895.357	1892.307	1892.447				0	0
2017-04-27 13:30:00	1892.445	1895.671	1892.445	1895.307				0	0
2017-04-27 13:25:00	1889.292	1892.364	1889.243	1892.364				0	0
2017-04-27 13:20:00	1883.076	1889.349	1883.076	1889.327				0	0
2017-04-27 13:15:00	1879.231	1882.965	1879.206	1882.965				0	0
2017-04-27 13:10:00	1880.661	1880.774	1879.099	1879.193				0	0
2017-04-27 13:05:00	1879.403	1880.814	1879.403	1880.677				0	0
2017-04-27 13:00:00	1878.583	1879.973	1878.583	1879.488				0	0
2017-04-27 12:55:00	1877.898	1877.898	1877.898	1877.898				0	0
2017-04-27 11:30:00	1877.847	1877.847	1877.847	1877.847				0	0
2017-04-27 11:25:00	1875.666	1877.831	1875.474	1877.831				0	0
2017-04-27 11:20:00	1876.579	1876.629	1875.549	1875.639				0	0
2017-04-27 11:15:00	1873.966	1876.646	1873.966	1876.598				0	0
2017-04-27 11:10:00	1869.827	1873.893	1869.444	1873.893				0	0
2017-04-27 11:05:00	1870.049	1870.812	1869.705	1869.817				0	0
2017-04-27 11:00:00	1864.325	1870.179	1864.325	1870.043				0	0
2017-04-27 10:55:00	1862.078	1864.188	1861.897	1864.188				0	0
2017-04-27 10:50:00	1861.994	1862.180	1860.959	1861.990				0	0
2017-04-27 10:45:00	1862.697	1862.915	1862.005	1862.005				0	0
2017-04-27 10:40:00	1857.466	1862.722	1857.466	1862.722				0	0
2017-04-27 10:35:00	1854.950	1857.402	1854.950	1857.402				0	0
2017-04-27 10:30:00	1861.499	1861.499	1853.499	1854.803				0	
2017-04-27 10:25:00	1863.948	1863.949	1861.531	1861.531				0	
2017-04-27 10:20:00	1862.391	1864.002	1862.144	1864.002				0	
2017-04-27 10:15:00	1866.074	1866.144	1862.423	1862.423				0	
2017-04-27 10:10:00	1865.713	1866.866	1865.713	1866.153				0	
2017-04-27 10:05:00	1863.836	1865.683	1863.836	1865.683				0	
2017-04-27 10:00:00	1862.723	1863.916	1859.551	1863.916				0	
2017-04-27 09:55:00	1870.075	1870.671	1862.952	1862.952				0	
2017-04-27 09:50:00	1872.259	1872.259	1869.163	1870.089				0	
2017-04-27 09:45:00	1874.915	1874.915	1872.271	1872.271				0	
2017-04-27 09:40:00	1873.575	1875.578	1873.575	1874.945				0	
2017-04-27 09:35:00	1878.806	1878.806	1870.077	1873.498				0	
2017-04-27 09:30:00	1883.138	1883.138	1877.178	1878.983				0	
2017-04-27 09:25:00	1885.025	1885.025	1884.836	1884.836				0	
