Date	Open	High	Low	Close	SMAVG (50)  on Close	SMAVG (100)  on Close	SMAVG (200)  on Close	Volume	SMAVG (15)
2017-02-28 15:00:00	2001.322	2001.322	2001.322	2001.322	1995.315	1996.374	1994.086	239333	297018
2017-02-28 14:55:00	2000.068	2000.898	2000.068	2000.898	1995.207	1996.363	1994.011	270600	297346
2017-02-28 14:50:00	1998.356	2000.041	1998.284	2000.025	1995.000	1996.325	1993.937	553630	295939
2017-02-28 14:45:00	1997.088	1998.374	1997.008	1998.374	1994.776	1996.325	1993.873	418811	277333
2017-02-28 14:40:00	1995.511	1997.165	1995.374	1997.165	1994.584	1996.358	1993.821	378570	265272
2017-02-28 14:35:00	1995.212	1995.425	1994.958	1995.425	1994.410	1996.390	1993.787	308634	255878
2017-02-28 14:30:00	1996.064	1996.085	1995.223	1995.243	1994.258	1996.438	1993.768	273830	250010
2017-02-28 14:25:00	1994.912	1996.104	1994.848	1996.104	1994.192	1996.484	1993.744	274539	245882
2017-02-28 14:20:00	1993.236	1994.969	1993.200	1994.969	1994.115	1996.525	1993.715	247055	240544
2017-02-28 14:15:00	1992.710	1993.252	1992.687	1993.252	1994.048	1996.576	1993.692	221222	235156
2017-02-28 14:10:00	1991.811	1992.775	1991.573	1992.706	1993.948	1996.634	1993.675	265258	236838
2017-02-28 14:05:00	1993.783	1993.783	1991.836	1991.836	1993.908	1996.695	1993.658	278228	219260
2017-02-28 14:00:00	1994.091	1994.156	1993.581	1993.757	1993.905	1996.774	1993.638	242258	200729
2017-02-28 13:55:00	1994.430	1994.638	1994.024	1994.042	1993.862	1996.844	1993.604	240783	199280
2017-02-28 13:50:00	1995.005	1995.134	1994.327	1994.478	1993.898	1996.898	1993.569	242514	199233
2017-02-28 13:45:00	1996.165	1996.217	1995.064	1995.072	1993.918	1996.939	1993.536	244252	195437
2017-02-28 13:40:00	1996.223	1996.339	1995.973	1996.147	1993.913	1996.959	1993.504	249501	192090
2017-02-28 13:35:00	1996.078	1996.138	1995.386	1996.074	1993.890	1996.978	1993.444	274537	191673
2017-02-28 13:30:00	1997.241	1997.255	1996.058	1996.078	1993.927	1997.002	1993.382	237905	188704
2017-02-28 13:25:00	1996.488	1997.361	1996.480	1997.221	1993.957	1996.983	1993.327	237653	188040
2017-02-28 13:20:00	1995.332	1996.390	1995.332	1996.390	1993.958	1996.953	1993.270	220617	191387
2017-02-28 13:15:00	1996.376	1996.459	1995.263	1995.347	1993.972	1996.932	1993.218	211904	197207
2017-02-28 13:10:00	1996.580	1996.580	1996.119	1996.342	1994.013	1996.935	1993.177	194479	206612
2017-02-28 13:05:00	1997.035	1997.079	1996.478	1996.559	1994.083	1996.934	1993.130	166222	214483
2017-02-28 13:00:00	1997.914	1998.080	1997.053	1997.053	1994.140	1996.937	1993.083	246452	222634
2017-02-28 12:55:00	1997.625	1997.625	1997.625	1997.625	1994.204	1996.932	1993.027	1590	228069
2017-02-28 11:30:00	1997.618	1997.618	1997.618	1997.618	1994.269	1996.914	1992.963	264	252619
2017-02-28 11:25:00	1996.609	1997.637	1996.609	1997.637	1994.338	1996.895	1992.906	220533	279946
2017-02-28 11:20:00	1994.480	1996.580	1994.480	1996.573	1994.395	1996.885	1992.848	240075	293979
2017-02-28 11:15:00	1994.089	1994.577	1993.816	1994.479	1994.471	1996.886	1992.797	185574	305811
2017-02-28 11:10:00	1993.918	1994.276	1993.844	1994.122	1994.590	1996.906	1992.746	194041	324140
2017-02-28 11:05:00	1993.553	1994.558	1993.553	1993.941	1994.726	1996.929	1992.694	243250	340713
2017-02-28 11:00:00	1992.945	1993.573	1992.891	1993.513	1994.887	1996.954	1992.637	229994	354296
2017-02-28 10:55:00	1993.349	1993.487	1992.699	1993.016	1995.064	1996.974	1992.578	227953	374500
2017-02-28 10:50:00	1991.012	1993.316	1991.012	1993.304	1995.266	1996.987	1992.521	287855	393522
2017-02-28 10:45:00	1989.263	1991.033	1989.261	1990.937	1995.469	1996.989	1992.462	307913	410772
2017-02-28 10:40:00	1990.439	1990.464	1989.145	1989.336	1995.716	1997.017	1992.415	352990	437028
2017-02-28 10:35:00	1992.434	1992.465	1990.464	1990.464	1995.967	1997.064	1992.370	312532	420011
2017-02-28 10:30:00	1993.533	1993.648	1992.462	1992.462	1996.189	1997.091	1992.313	288493	414948
2017-02-28 10:25:00	1992.754	1993.720	1992.732	1993.492	1996.363	1997.084	1992.239	327985	413868
2017-02-28 10:20:00	1992.837	1992.918	1992.479	1992.764	1996.528	1997.052	1992.171	369828	432069
2017-02-28 10:15:00	1993.077	1993.077	1992.406	1992.894	1996.695	1997.050	1992.117	410178	442084
2017-02-28 10:10:00	1995.013	1995.040	1993.036	1993.036	1996.828	1997.051	1992.067	431023	436355
2017-02-28 10:05:00	1995.429	1995.500	1994.946	1995.062	1996.934	1997.054	1992.015	417555	428866
2017-02-28 10:00:00	1997.022	1997.037	1995.459	1995.485	1997.005	1997.046	1991.950	460506	427831
2017-02-28 09:55:00	1997.148	1998.069	1996.955	1997.077	1997.079	1997.014	1991.880	442636	425846
2017-02-28 09:50:00	1998.852	1998.876	1996.915	1997.041	1997.114	1996.985	1991.808	447005	417884
2017-02-28 09:45:00	1996.373	1999.031	1996.373	1998.873	1997.176	1996.978	1991.727	533054	414052
2017-02-28 09:40:00	1996.731	1996.760	1996.153	1996.362	1997.222	1996.932	1991.636	513275	406807
2017-02-28 09:35:00	1995.996	1996.767	1995.963	1996.751	1997.322	1996.884	1991.563	546601	388683
2017-02-28 09:30:00	1990.701	1995.915	1990.701	1995.915	1997.433	1996.843	1991.492	701761	369035
2017-02-28 09:25:00	1990.337	1990.587	1990.337	1990.587	1997.519	1996.813	1991.441	97737	345421
2017-02-27 15:00:00	1988.773	1988.773	1988.773	1988.773	1997.650	1996.854	1991.422	236583	358159
2017-02-27 14:55:00	1988.532	1988.917	1988.499	1988.818	1997.875	1996.908	1991.412	272298	356973
2017-02-27 14:50:00	1987.790	1988.497	1987.145	1988.457	1998.131	1996.914	1991.388	600999	354643
2017-02-27 14:45:00	1992.041	1992.041	1987.791	1987.791	1998.369	1996.933	1991.365	520042	331585
2017-02-27 14:40:00	1992.172	1992.306	1991.935	1991.970	1998.618	1996.963	1991.353	324247	320717
2017-02-27 14:35:00	1991.676	1992.555	1991.676	1992.223	1998.776	1996.963	1991.308	318694	318684
2017-02-27 14:30:00	1988.243	1991.643	1987.832	1991.643	1998.935	1996.960	1991.254	402034	312769
2017-02-27 14:25:00	1990.739	1990.739	1988.245	1988.268	1999.105	1996.956	1991.196	430728	303422
2017-02-27 14:20:00	1991.692	1991.749	1990.686	1990.686	1999.319	1996.978	1991.161	323196	288719
2017-02-27 14:15:00	1991.589	1991.708	1991.129	1991.672	1999.481	1996.971	1991.113	389535	279797
2017-02-27 14:10:00	1995.824	1995.833	1991.610	1991.610	1999.642	1996.948	1991.058	424378	269246
2017-02-27 14:05:00	1995.489	1995.979	1995.453	1995.879	1999.827	1996.874	1991.000	241410	241078
2017-02-27 14:00:00	1994.796	1995.462	1994.759	1995.457	1999.898	1996.769	1990.913	251876	225004
2017-02-27 13:55:00	1994.929	1994.929	1993.917	1994.841	1999.959	1996.676	1990.826	347564	224203
2017-02-27 13:50:00	1997.990	1997.990	1994.954	1994.954	2000.005	1996.589	1990.743	288802	217998
2017-02-27 13:45:00	1997.670	1998.281	1997.585	1997.976	2000.067	1996.489	1990.671	218798	214357
2017-02-27 13:40:00	1997.221	1997.643	1996.871	1997.568	2000.076	1996.342	1990.583	237336	215656
2017-02-27 13:35:00	1997.056	1997.425	1997.013	1997.250	2000.009	1996.178	1990.490	255136	216364
2017-02-27 13:30:00	1997.343	1997.343	1996.287	1997.083	1999.949	1996.086	1990.398	357019	215560
2017-02-27 13:25:00	1999.887	2000.059	1997.412	1997.412	1999.892	1995.993	1990.300	293754	209344
2017-02-27 13:20:00	1999.409	1999.868	1999.232	1999.846	1999.856	1995.912	1990.193	229971	207151
2017-02-27 13:15:00	2000.176	2000.256	1999.297	1999.406	1999.785	1995.820	1990.075	261829	208232
2017-02-27 13:10:00	2000.848	2001.005	2000.249	2000.272	1999.733	1995.737	1989.960	210182	208727
2017-02-27 13:05:00	2000.992	2001.228	2000.751	2000.876	1999.659	1995.661	1989.839	189371	215301
2017-02-27 13:00:00	2000.479	2001.088	2000.479	2001.027	1999.559	1995.577	1989.714	231263	223010
2017-02-27 12:55:00	2000.480	2000.480	2000.480	2000.480	1999.453	1995.465	1989.592	1854	228796
2017-02-27 11:30:00	2000.417	2000.417	2000.417	2000.417	1999.375	1995.345	1989.473	298	252847
2017-02-27 11:25:00	2000.890	2000.970	2000.213	2000.413	1999.301	1995.223	1989.353	239861	276351
2017-02-27 11:20:00	2002.073	2002.073	2000.774	2000.897	1999.222	1995.095	1989.237	254491	286155
2017-02-27 11:15:00	2002.351	2002.446	2001.812	2002.004	1999.133	1994.941	1989.125	234188	301024
2017-02-27 11:10:00	2003.132	2003.166	2002.355	2002.355	1999.021	1994.766	1989.005	238285	315585
2017-02-27 11:05:00	2003.528	2003.587	2003.085	2003.145	1998.885	1994.586	1988.877	247956	331998
2017-02-27 11:00:00	2003.168	2003.671	2003.006	2003.468	1998.709	1994.399	1988.742	243078	350533
2017-02-27 10:55:00	2001.842	2003.239	2001.720	2003.239	1998.508	1994.200	1988.608	263776	373364
2017-02-27 10:50:00	2001.599	2001.933	2001.516	2001.890	1998.319	1994.019	1988.471	260860	398182
2017-02-27 10:45:00	2001.137	2001.647	2000.995	2001.581	1998.162	1993.853	1988.342	246181	429027
2017-02-27 10:40:00	2001.719	2001.944	2001.113	2001.156	1997.993	1993.694	1988.214	269258	471791
2017-02-27 10:35:00	2001.204	2002.117	2001.153	2001.737	1997.806	1993.516	1988.085	308794	462184
2017-02-27 10:30:00	1999.477	2001.145	1999.326	2001.145	1997.576	1993.333	1987.949	305014	459765
2017-02-27 10:25:00	1998.413	1999.615	1998.413	1999.497	1997.405	1993.163	1987.814	318043	459146
2017-02-27 10:20:00	1998.668	1998.668	1997.525	1998.343	1997.273	1993.016	1987.683	362620	475961
2017-02-27 10:15:00	1999.153	1999.222	1998.640	1998.640	1997.174	1992.877	1987.552	352853	482919
2017-02-27 10:10:00	1998.733	1999.228	1998.709	1999.193	1997.087	1992.708	1987.415	386923	487759
2017-02-27 10:05:00	2000.157	2000.157	1998.439	1998.788	1996.949	1992.539	1987.291	477537	483555
2017-02-27 10:00:00	2001.083	2001.475	2000.182	2000.182	1996.857	1992.390	1987.161	452596	471562
2017-02-27 09:55:00	2001.368	2001.676	2000.787	2001.158	1996.779	1992.256	1987.022	484480	462580
2017-02-27 09:50:00	2002.155	2002.226	2001.220	2001.372	1996.642	1992.107	1986.889	525987	453482
2017-02-27 09:45:00	2000.349	2002.271	2000.349	2002.271	1996.446	1991.949	1986.748	585531	437629
2017-02-27 09:40:00	1997.029	2000.260	1997.029	2000.253	1996.253	1991.798	1986.598	636050	415637
2017-02-27 09:35:00	2000.119	2000.119	1996.904	1997.106	1996.107	1991.659	1986.443	723540	388826
2017-02-27 09:30:00	2001.409	2001.566	1998.735	2000.010	1996.058	1991.548	1986.302	887635	359179
2017-02-27 09:25:00	2001.627	2001.632	2001.627	2001.632	1995.942	1991.421	1986.145	125162	322622
2017-02-24 15:00:00	2000.380	2000.380	2000.380	2000.380	1995.697	1991.284	1985.990	272500	329972
2017-02-24 14:55:00	1999.845	2000.234	1999.768	2000.233	1995.497	1991.184	1985.836	295729	328819
2017-02-24 14:50:00	2000.184	2000.285	1999.822	1999.874	1995.308	1991.098	1985.673	570271	327838
2017-02-24 14:45:00	2000.127	2000.661	2000.081	2000.163	1995.150	1991.003	1985.513	466990	307536
2017-02-24 14:40:00	1998.996	2000.168	1998.900	2000.126	1994.985	1990.905	1985.357	425450	294734
2017-02-24 14:35:00	1998.854	1999.134	1998.737	1998.974	1994.808	1990.807	1985.190	323863	283683
2017-02-24 14:30:00	1999.732	1999.744	1998.808	1998.813	1994.638	1990.716	1985.023	297642	278668
2017-02-24 14:25:00	2000.810	2000.816	1999.581	1999.730	1994.460	1990.622	1984.853	317873	274723
2017-02-24 14:20:00	1999.409	2000.900	1999.409	2000.852	1994.254	1990.503	1984.677	348000	269416
2017-02-24 14:15:00	1998.505	1999.483	1998.505	1999.434	1993.921	1990.363	1984.485	288203	260592
2017-02-24 14:10:00	1997.050	1998.510	1997.050	1998.510	1993.640	1990.240	1984.298	255641	259991
2017-02-24 14:05:00	1998.029	1998.059	1997.024	1997.128	1993.393	1990.134	1984.117	233893	243147
2017-02-24 14:00:00	1998.456	1998.793	1997.960	1998.040	1993.174	1990.049	1983.934	278828	227580
2017-02-24 13:55:00	1994.160	1998.463	1994.119	1998.412	1992.910	1989.909	1983.740	339281	224085
2017-02-24 13:50:00	1994.240	1994.414	1994.006	1994.238	1992.609	1989.763	1983.534	235422	218187
2017-02-24 13:45:00	1994.138	1994.354	1993.868	1994.250	1992.347	1989.671	1983.345	255202	218449
2017-02-24 13:40:00	1995.625	1995.660	1994.165	1994.250	1992.224	1989.587	1983.157	281015	216451
2017-02-24 13:35:00	1996.334	1996.356	1995.594	1995.608	1992.093	1989.503	1982.974	265735	212277
2017-02-24 13:30:00	1996.766	1996.985	1996.283	1996.296	1991.967	1989.418	1982.767	274967	210649
2017-02-24 13:25:00	1996.518	1996.851	1996.431	1996.802	1991.856	1989.327	1982.554	259673	208918
2017-02-24 13:20:00	1995.919	1996.585	1995.919	1996.547	1991.741	1989.230	1982.340	248639	215092
2017-02-24 13:15:00	1995.724	1995.929	1995.600	1995.886	1991.664	1989.123	1982.128	238471	223428
2017-02-24 13:10:00	1996.610	1996.749	1995.658	1995.741	1991.596	1989.012	1981.910	238275	227671
2017-02-24 13:05:00	1996.733	1996.802	1996.249	1996.579	1991.477	1988.916	1981.689	215639	232764
2017-02-24 13:00:00	1996.707	1997.133	1996.707	1996.729	1991.314	1988.812	1981.462	279184	241306
2017-02-24 12:55:00	1996.441	1996.441	1996.441	1996.441	1991.145	1988.707	1981.238	2987	247243
2017-02-24 11:30:00	1996.431	1996.431	1996.431	1996.431	1990.967	1988.586	1981.012	381	277634
2017-02-24 11:25:00	1995.531	1996.450	1995.531	1996.429	1990.750	1988.459	1980.784	226400	307947
2017-02-24 11:20:00	1994.348	1995.633	1994.345	1995.545	1990.510	1988.320	1980.564	250815	321980
2017-02-24 11:15:00	1993.441	1994.340	1993.197	1994.329	1990.287	1988.182	1980.353	239350	334783
2017-02-24 11:10:00	1993.802	1993.961	1993.396	1993.453	1990.089	1988.055	1980.144	225236	352597
2017-02-24 11:05:00	1993.974	1994.063	1993.675	1993.785	1989.891	1987.936	1979.942	218407	368820
2017-02-24 11:00:00	1993.104	1994.052	1992.995	1994.033	1989.719	1987.813	1979.737	241310	391961
2017-02-24 10:55:00	1991.806	1993.103	1991.806	1993.103	1989.544	1987.676	1979.529	248997	412745
2017-02-24 10:50:00	1990.193	1991.818	1989.708	1991.818	1989.396	1987.534	1979.321	352296	441567
2017-02-24 10:45:00	1992.610	1992.819	1990.220	1990.240	1989.227	1987.395	1979.120	373665	466302
2017-02-24 10:40:00	1992.839	1993.247	1992.547	1992.623	1989.089	1987.289	1978.926	302117	502940
2017-02-24 10:35:00	1993.459	1993.459	1992.802	1992.905	1988.920	1987.184	1978.717	314669	492088
2017-02-24 10:30:00	1994.413	1994.535	1993.270	1993.380	1988.759	1987.084	1978.508	343774	489280
2017-02-24 10:25:00	1992.427	1994.375	1992.421	1994.259	1988.581	1986.975	1978.284	368242	487530
2017-02-24 10:20:00	1994.179	1994.202	1992.285	1992.326	1988.330	1986.853	1978.047	458847	501948
2017-02-24 10:15:00	1996.238	1996.334	1994.130	1994.173	1988.128	1986.747	1977.818	455081	501733
2017-02-24 10:10:00	1994.251	1996.327	1994.251	1996.271	1987.922	1986.630	1977.572	436897	497113
2017-02-24 10:05:00	1991.574	1994.304	1991.473	1994.304	1987.734	1986.477	1977.311	442854	498274
2017-02-24 10:00:00	1992.617	1992.617	1990.975	1991.597	1987.572	1986.341	1977.062	506567	493442
2017-02-24 09:55:00	1992.975	1993.208	1992.631	1992.631	1987.453	1986.241	1976.829	468582	482165
2017-02-24 09:50:00	1994.739	1995.106	1992.902	1992.918	1987.342	1986.140	1976.600	565523	469430
2017-02-24 09:45:00	1994.296	1994.700	1994.256	1994.700	1987.211	1986.069	1976.375	553066	451607
2017-02-24 09:40:00	1989.357	1994.209	1989.124	1994.194	1987.037	1985.991	1976.153	681325	436280
2017-02-24 09:35:00	1990.338	1990.613	1989.361	1989.361	1986.899	1985.916	1975.939	723317	423021
2017-02-24 09:30:00	1990.402	1990.537	1989.306	1990.378	1986.871	1985.862	1975.750	923235	420105
2017-02-24 09:25:00	1990.853	1990.853	1990.786	1990.786	1986.872	1985.797	1975.548	139344	381403
2017-02-23 15:00:00	1991.984	1991.984	1991.984	1991.984	1986.889	1985.742	1975.341	272545	396357
2017-02-23 14:55:00	1991.230	1991.907	1991.228	1991.907	1986.856	1985.653	1975.130	317522	395703
2017-02-23 14:50:00	1990.362	1991.357	1990.204	1991.274	1986.825	1985.547	1974.929	584510	393264
2017-02-23 14:45:00	1989.977	1990.689	1989.944	1990.472	1986.806	1985.436	1974.737	455620	374221
2017-02-23 14:40:00	1989.470	1989.937	1989.406	1989.937	1986.795	1985.344	1974.539	385790	364709
2017-02-23 14:35:00	1984.134	1989.436	1984.134	1989.436	1986.784	1985.256	1974.345	454312	362989
2017-02-23 14:30:00	1985.422	1985.422	1984.022	1984.155	1986.751	1985.168	1974.144	370366	352071
2017-02-23 14:25:00	1986.244	1986.588	1985.361	1985.401	1986.805	1985.126	1973.967	337422	345935
2017-02-23 14:20:00	1986.179	1986.352	1985.943	1986.186	1986.840	1985.056	1973.762	277549	340974
2017-02-23 14:15:00	1984.926	1986.380	1984.926	1986.145	1986.874	1984.975	1973.556	298175	339304
2017-02-23 14:10:00	1983.374	1984.868	1983.134	1984.868	1986.924	1984.897	1973.350	323161	339161
2017-02-23 14:05:00	1981.005	1983.361	1980.665	1983.361	1986.908	1984.854	1973.149	482446	317758
2017-02-23 14:00:00	1988.106	1988.106	1981.115	1981.115	1986.917	1984.823	1972.950	679571	285638
2017-02-23 13:55:00	1987.844	1988.101	1987.307	1988.088	1986.995	1984.801	1972.775	342716	256786
2017-02-23 13:50:00	1989.333	1989.333	1987.713	1987.727	1986.951	1984.710	1972.569	363651	252465
2017-02-23 13:45:00	1990.736	1990.736	1989.298	1989.298	1986.913	1984.607	1972.357	262741	244911
2017-02-23 13:40:00	1991.078	1991.078	1990.667	1990.728	1986.870	1984.474	1972.155	280927	243479
2017-02-23 13:35:00	1992.651	1992.707	1991.080	1991.080	1986.798	1984.329	1971.948	298865	242798
2017-02-23 13:30:00	1992.439	1992.783	1992.182	1992.684	1986.719	1984.183	1971.739	312945	240464
2017-02-23 13:25:00	1989.838	1992.526	1989.789	1992.480	1986.582	1984.017	1971.530	359984	237894
2017-02-23 13:20:00	1988.498	1989.801	1988.443	1989.801	1986.429	1983.851	1971.325	290548	230655
2017-02-23 13:15:00	1988.285	1988.615	1988.264	1988.438	1986.355	1983.718	1971.120	278329	230435
2017-02-23 13:10:00	1987.556	1988.395	1987.467	1988.292	1986.309	1983.602	1970.917	262995	234209
2017-02-23 13:05:00	1985.601	1987.553	1985.601	1987.544	1986.269	1983.482	1970.709	252513	242677
2017-02-23 13:00:00	1984.543	1985.539	1984.543	1985.539	1986.205	1983.379	1970.491	296027	255061
2017-02-23 12:55:00	1984.459	1984.459	1984.459	1984.459	1986.168	1983.309	1970.299	2107	263727
2017-02-23 11:30:00	1984.405	1984.405	1984.405	1984.405	1986.129	1983.245	1970.116	645	288343
2017-02-23 11:25:00	1983.549	1984.427	1983.385	1984.421	1986.076	1983.167	1969.937	246800	317316
2017-02-23 11:20:00	1985.134	1985.134	1983.482	1983.551	1986.020	1983.086	1969.749	277896	333639
2017-02-23 11:15:00	1985.296	1985.430	1985.045	1985.149	1985.980	1983.016	1969.553	250349	349874
2017-02-23 11:10:00	1985.641	1985.751	1984.952	1985.320	1985.908	1982.924	1969.353	241260	379025
2017-02-23 11:05:00	1983.353	1985.706	1983.353	1985.706	1985.808	1982.830	1969.147	270712	406400
2017-02-23 11:00:00	1983.406	1983.505	1983.156	1983.364	1985.673	1982.733	1968.934	263848	431494
2017-02-23 10:55:00	1984.139	1984.256	1983.196	1983.351	1985.562	1982.654	1968.750	274392	461660
2017-02-23 10:50:00	1984.869	1985.044	1984.020	1984.141	1985.489	1982.565	1968.574	251403	493694
2017-02-23 10:45:00	1984.471	1985.126	1984.458	1984.848	1985.448	1982.466	1968.393	287248	530416
2017-02-23 10:40:00	1981.731	1984.480	1981.661	1984.480	1985.409	1982.349	1968.209	334943	575397
2017-02-23 10:35:00	1982.214	1982.374	1981.650	1981.729	1985.370	1982.226	1968.040	390005	561366
2017-02-23 10:30:00	1983.854	1983.854	1982.191	1982.235	1985.376	1982.122	1967.890	438284	554124
2017-02-23 10:25:00	1986.896	1986.896	1983.882	1983.882	1985.365	1982.042	1967.733	426016	547197
2017-02-23 10:20:00	1986.313	1987.351	1986.313	1986.821	1985.337	1981.931	1967.563	371345	560089
2017-02-23 10:15:00	1985.572	1986.268	1985.404	1986.250	1985.220	1981.787	1967.367	435242	566230
2017-02-23 10:10:00	1987.075	1987.075	1985.343	1985.614	1985.110	1981.671	1967.196	491646	562862
2017-02-23 10:05:00	1986.322	1987.262	1986.321	1987.101	1985.030	1981.547	1967.034	521412	553330
2017-02-23 10:00:00	1986.024	1986.352	1984.453	1986.345	1984.938	1981.398	1966.858	687613	541799
2017-02-23 09:55:00	1987.288	1987.833	1986.016	1986.037	1984.928	1981.228	1966.713	651893	526243
2017-02-23 09:50:00	1987.974	1987.974	1987.220	1987.295	1984.944	1981.055	1966.568	647114	504708
2017-02-23 09:45:00	1990.376	1990.516	1987.950	1987.964	1984.932	1980.870	1966.436	716349	481202
2017-02-23 09:40:00	1991.708	1992.126	1990.346	1990.384	1984.852	1980.695	1966.307	754898	452699
2017-02-23 09:35:00	1990.420	1991.656	1989.834	1991.656	1984.723	1980.487	1966.176	802236	420863
2017-02-23 09:30:00	1990.121	1990.723	1988.929	1990.314	1984.595	1980.248	1966.031	961966	387234
2017-02-23 09:25:00	1990.262	1990.385	1990.262	1990.385	1984.450	1980.023	1965.891	124471	342393
2017-02-22 15:00:00	1990.336	1990.336	1990.336	1990.336	1984.270	1979.808	1965.750	281369	354828
2017-02-22 14:55:00	1989.344	1989.897	1989.344	1989.897	1984.066	1979.572	1965.618	334384	356055
2017-02-22 14:50:00	1987.860	1989.402	1987.834	1989.402	1983.892	1979.330	1965.489	619393	350937
2017-02-22 14:45:00	1986.825	1987.868	1986.791	1987.782	1983.727	1979.084	1965.359	463461	329087
2017-02-22 14:40:00	1987.114	1987.133	1986.784	1986.849	1983.584	1978.851	1965.223	384719	318522
2017-02-22 14:35:00	1987.891	1987.891	1987.145	1987.145	1983.448	1978.608	1965.087	348673	311628
2017-02-22 14:30:00	1988.563	1988.663	1987.843	1987.886	1983.273	1978.356	1964.955	348445	307836
2017-02-22 14:25:00	1984.027	1988.955	1984.027	1988.640	1983.076	1978.101	1964.814	454269	301466
2017-02-22 14:20:00	1983.704	1984.076	1983.225	1984.076	1982.871	1977.820	1964.662	328880	286034
2017-02-22 14:15:00	1985.072	1985.093	1983.794	1983.794	1982.800	1977.571	1964.533	294523	278022
2017-02-22 14:10:00	1985.822	1985.868	1985.031	1985.049	1982.729	1977.306	1964.401	288802	274793
2017-02-22 14:05:00	1985.891	1986.025	1985.573	1985.868	1982.607	1977.019	1964.260	277349	255682
2017-02-22 14:00:00	1987.183	1987.293	1985.813	1985.813	1982.470	1976.726	1964.109	297803	237209
2017-02-22 13:55:00	1987.133	1987.266	1986.924	1987.167	1982.301	1976.444	1963.953	289351	232102
2017-02-22 13:50:00	1987.183	1987.696	1987.109	1987.121	1982.079	1976.116	1963.782	310994	230082
2017-02-22 13:45:00	1985.838	1987.175	1985.752	1987.145	1981.860	1975.782	1963.609	299772	229498
2017-02-22 13:40:00	1984.848	1985.802	1984.694	1985.802	1981.647	1975.450	1963.437	257628	240173
2017-02-22 13:35:00	1986.161	1986.244	1984.812	1984.837	1981.452	1975.133	1963.259	291637	245541
2017-02-22 13:30:00	1986.068	1986.364	1986.067	1986.119	1981.274	1974.808	1963.088	304988	246828
2017-02-22 13:25:00	1986.373	1986.593	1986.067	1986.153	1981.082	1974.461	1962.907	281304	249169
2017-02-22 13:20:00	1984.368	1986.335	1984.310	1986.282	1980.894	1974.112	1962.744	291792	249953
2017-02-22 13:15:00	1983.715	1984.384	1983.715	1984.344	1980.694	1973.769	1962.582	252902	251030
2017-02-22 13:10:00	1982.586	1983.745	1982.551	1983.681	1980.553	1973.438	1962.428	222782	259004
2017-02-22 13:05:00	1981.800	1982.602	1981.778	1982.531	1980.451	1973.108	1962.279	208705	269969
2017-02-22 13:00:00	1981.808	1982.109	1981.595	1981.737	1980.361	1972.809	1962.142	246093	286200
2017-02-22 12:55:00	1981.637	1981.637	1981.637	1981.637	1980.259	1972.524	1962.010	2137	299797
2017-02-22 11:30:00	1981.538	1981.538	1981.538	1981.538	1980.151	1972.234	1961.891	254	332968
2017-02-22 11:25:00	1980.308	1981.576	1980.308	1981.541	1980.051	1971.948	1961.775	221191	372672
2017-02-22 11:20:00	1978.941	1980.316	1978.762	1980.316	1979.940	1971.660	1961.655	259055	393137
2017-02-22 11:15:00	1977.849	1979.205	1977.849	1978.943	1979.853	1971.382	1961.542	302229	413790
2017-02-22 11:10:00	1979.660	1979.660	1977.520	1977.822	1979.792	1971.108	1961.433	459905	432535
2017-02-22 11:05:00	1982.012	1982.100	1979.712	1979.712	1979.746	1970.845	1961.319	338140	437172
2017-02-22 11:00:00	1982.814	1982.814	1982.013	1982.107	1979.642	1970.563	1961.197	310938	454002
2017-02-22 10:55:00	1982.490	1983.181	1982.421	1982.886	1979.484	1970.250	1961.064	340106	476726
2017-02-22 10:50:00	1982.040	1982.620	1981.974	1982.504	1979.289	1969.933	1960.924	293066	499513
2017-02-22 10:45:00	1981.626	1982.078	1981.193	1982.078	1979.083	1969.593	1960.787	307942	527503
2017-02-22 10:40:00	1982.542	1982.671	1981.400	1981.660	1978.867	1969.242	1960.651	372524	563429
2017-02-22 10:35:00	1980.966	1982.582	1980.966	1982.493	1978.719	1968.889	1960.513	387249	546444
2017-02-22 10:30:00	1980.791	1980.954	1979.954	1980.954	1978.525	1968.514	1960.373	452172	539654
2017-02-22 10:25:00	1981.652	1981.784	1980.734	1980.734	1978.355	1968.146	1960.244	450054	530116
2017-02-22 10:20:00	1982.579	1982.663	1981.567	1981.618	1978.232	1967.782	1960.120	499692	538292
2017-02-22 10:15:00	1985.800	1985.852	1982.530	1982.530	1978.065	1967.417	1959.997	595811	533655
2017-02-22 10:10:00	1986.841	1986.895	1985.674	1985.836	1977.858	1967.059	1959.859	528173	519287
2017-02-22 10:05:00	1986.772	1986.930	1986.604	1986.832	1977.527	1966.681	1959.701	568853	509055
2017-02-22 10:00:00	1984.068	1986.716	1984.053	1986.716	1977.166	1966.315	1959.524	583404	494937
2017-02-22 09:55:00	1983.859	1984.005	1983.223	1983.956	1976.807	1965.962	1959.339	529457	477026
2017-02-22 09:50:00	1985.208	1985.239	1983.903	1983.918	1976.538	1965.638	1959.175	590593	460515
2017-02-22 09:45:00	1983.162	1985.286	1983.100	1985.286	1976.252	1965.298	1959.015	651797	442993
2017-02-22 09:40:00	1981.344	1983.052	1981.127	1983.052	1975.901	1964.940	1958.852	681912	418099
2017-02-22 09:35:00	1980.187	1981.908	1980.187	1981.365	1975.595	1964.608	1958.700	712919	390871
2017-02-22 09:30:00	1980.788	1981.061	1979.565	1980.167	1975.347	1964.310	1958.550	846818	361770
2017-02-22 09:25:00	1980.986	1981.200	1980.986	1981.200	1975.078	1964.038	1958.393	117762	325770
2017-02-21 15:00:00	1981.144	1981.144	1981.144	1981.144	1974.767	1963.735	1958.226	285398	338055
2017-02-21 14:55:00	1979.923	1980.626	1979.923	1980.626	1974.441	1963.434	1958.067	309097	338988
2017-02-21 14:50:00	1978.462	1980.029	1978.412	1980.029	1974.118	1963.120	1957.908	572693	338041
2017-02-21 14:45:00	1978.073	1978.425	1977.865	1978.401	1973.768	1962.807	1957.744	430138	319701
2017-02-21 14:40:00	1978.310	1978.369	1977.910	1978.045	1973.440	1962.467	1957.577	380288	312982
2017-02-21 14:35:00	1980.538	1980.594	1978.362	1978.362	1973.125	1962.137	1957.403	374691	311156
2017-02-21 14:30:00	1980.369	1980.908	1980.317	1980.529	1972.769	1961.803	1957.244	357087	307005
2017-02-21 14:25:00	1979.027	1980.337	1978.927	1980.258	1972.342	1961.445	1957.085	314744	302853
2017-02-21 14:20:00	1979.005	1979.089	1978.804	1978.952	1971.883	1961.077	1956.912	281787	297820
2017-02-21 14:15:00	1977.439	1979.131	1977.317	1979.012	1971.432	1960.749	1956.753	327769	293754
2017-02-21 14:10:00	1976.092	1977.382	1976.020	1977.357	1970.982	1960.428	1956.594	278381	291805
2017-02-21 14:05:00	1976.228	1976.228	1975.774	1976.066	1970.588	1960.108	1956.442	273487	273372
2017-02-21 14:00:00	1976.579	1976.666	1976.196	1976.196	1970.153	1959.835	1956.280	276408	255162
2017-02-21 13:55:00	1976.075	1976.569	1976.075	1976.493	1969.703	1959.568	1956.140	306817	252320
2017-02-21 13:50:00	1975.944	1976.155	1975.478	1976.062	1969.253	1959.295	1956.014	302047	249167
2017-02-21 13:45:00	1976.504	1976.683	1975.927	1975.932	1968.813	1959.042	1955.881	299390	244443
2017-02-21 13:40:00	1976.935	1977.070	1976.460	1976.497	1968.342	1958.799	1955.781	294890	242309
2017-02-21 13:35:00	1976.389	1976.956	1976.227	1976.786	1967.841	1958.522	1955.681	297585	240619
2017-02-21 13:30:00	1977.257	1977.257	1976.198	1976.274	1967.330	1958.232	1955.586	329366	242230
2017-02-21 13:25:00	1978.617	1979.057	1977.269	1977.275	1966.844	1957.937	1955.509	352888	245082
2017-02-21 13:20:00	1978.074	1978.579	1977.970	1978.562	1966.324	1957.603	1955.433	312430	248924
2017-02-21 13:15:00	1976.669	1978.058	1976.657	1978.049	1965.766	1957.289	1955.350	294813	254194
2017-02-21 13:10:00	1976.247	1976.620	1976.109	1976.620	1965.257	1956.987	1955.267	239242	265983
2017-02-21 13:05:00	1976.519	1976.678	1976.184	1976.254	1964.790	1956.707	1955.190	220797	281486
2017-02-21 13:00:00	1976.283	1977.081	1976.283	1976.559	1964.317	1956.412	1955.120	298535	297309
2017-02-21 12:55:00	1975.989	1975.989	1975.989	1975.989	1963.845	1956.090	1955.047	1890	305434
2017-02-21 11:30:00	1975.937	1975.937	1975.937	1975.937	1963.380	1955.782	1954.983	329	329935
2017-02-21 11:25:00	1975.482	1975.998	1975.398	1975.928	1962.911	1955.465	1954.924	233776	355789
2017-02-21 11:20:00	1974.489	1975.562	1974.489	1975.487	1962.424	1955.136	1954.865	259528	370421
2017-02-21 11:15:00	1974.229	1974.564	1974.160	1974.520	1961.945	1954.847	1954.807	231191	384263
2017-02-21 11:10:00	1973.222	1974.228	1973.097	1974.228	1961.485	1954.583	1954.759	267372	403518
2017-02-21 11:05:00	1972.211	1973.224	1972.182	1973.125	1961.015	1954.321	1954.716	269536	420498
2017-02-21 11:00:00	1971.325	1972.198	1971.095	1972.198	1960.577	1954.070	1954.675	321762	442397
2017-02-21 10:55:00	1974.228	1974.259	1971.289	1971.289	1960.104	1953.854	1954.638	372140	463702
2017-02-21 10:50:00	1972.756	1974.349	1972.756	1974.276	1959.616	1953.658	1954.605	410514	482791
2017-02-21 10:45:00	1972.375	1972.779	1972.153	1972.779	1959.057	1953.425	1954.557	391491	503217
2017-02-21 10:40:00	1974.530	1974.544	1972.423	1972.452	1958.502	1953.195	1954.516	471635	536557
2017-02-21 10:35:00	1973.346	1974.786	1973.346	1974.577	1957.937	1952.947	1954.474	471801	512295
2017-02-21 10:30:00	1972.206	1973.304	1972.206	1973.255	1957.332	1952.721	1954.416	458139	500658
2017-02-21 10:25:00	1969.204	1972.208	1969.181	1972.208	1956.769	1952.521	1954.359	420408	492617
2017-02-21 10:20:00	1968.725	1969.275	1968.724	1969.275	1956.260	1952.318	1954.307	369398	508554
2017-02-21 10:15:00	1968.764	1968.817	1967.891	1968.776	1955.835	1952.199	1954.266	388147	517072
2017-02-21 10:10:00	1970.520	1970.520	1968.747	1968.758	1955.464	1952.081	1954.219	453254	520477
2017-02-21 10:05:00	1969.597	1970.903	1969.495	1970.512	1955.116	1952.002	1954.169	467156	512904
2017-02-21 10:00:00	1967.813	1969.714	1967.813	1969.606	1954.739	1951.919	1954.104	520019	501989
2017-02-21 09:55:00	1967.700	1967.772	1967.252	1967.760	1954.345	1951.864	1954.048	522075	486951
2017-02-21 09:50:00	1968.919	1968.957	1967.738	1967.738	1953.978	1951.814	1954.008	598023	477942
2017-02-21 09:45:00	1966.761	1968.996	1966.761	1968.946	1953.620	1951.760	1953.958	641326	456003
2017-02-21 09:40:00	1965.704	1966.746	1965.242	1966.746	1953.273	1951.692	1953.910	658474	431503
2017-02-21 09:35:00	1964.916	1966.444	1964.916	1965.663	1952.999	1951.663	1953.886	716902	405124
2017-02-21 09:30:00	1964.562	1965.054	1963.194	1964.843	1952.703	1951.648	1953.881	891594	378270
2017-02-21 09:25:00	1964.136	1964.457	1964.136	1964.457	1952.427	1951.635	1953.886	107706	337447
2017-02-20 15:00:00	1962.530	1962.530	1962.530	1962.530	1952.122	1951.596	1953.889	297253	348905
2017-02-20 14:55:00	1962.246	1962.416	1961.860	1961.992	1951.846	1951.565	1953.901	337527	345629
2017-02-20 14:50:00	1960.562	1962.306	1960.562	1962.304	1951.494	1951.553	1953.921	659457	339551
2017-02-20 14:45:00	1959.249	1960.581	1959.166	1960.546	1951.150	1951.528	1953.950	497172	311309
2017-02-20 14:40:00	1957.274	1959.307	1957.274	1959.214	1950.837	1951.505	1953.983	439212	297495
2017-02-20 14:35:00	1956.505	1957.281	1956.393	1957.281	1950.547	1951.494	1954.022	339665	287699
2017-02-20 14:30:00	1956.536	1956.644	1956.033	1956.384	1950.272	1951.497	1954.062	303431	281694
2017-02-20 14:25:00	1957.654	1957.654	1956.422	1956.544	1950.066	1951.500	1954.094	294454	277202
2017-02-20 14:20:00	1954.412	1957.714	1954.391	1957.645	1949.874	1951.493	1954.127	386928	272958
2017-02-20 14:15:00	1953.719	1954.346	1953.386	1954.346	1949.628	1951.461	1954.160	268944	262104
2017-02-20 14:10:00	1953.925	1954.055	1953.679	1953.679	1949.517	1951.448	1954.209	273833	262715
2017-02-20 14:05:00	1954.115	1954.469	1953.933	1954.006	1949.433	1951.436	1954.259	262787	244604
2017-02-20 14:00:00	1952.352	1954.138	1952.261	1954.060	1949.337	1951.423	1954.301	314084	227111
2017-02-20 13:55:00	1951.373	1952.538	1951.320	1952.343	1949.271	1951.385	1954.344	279248	220023
2017-02-20 13:50:00	1951.293	1951.468	1950.714	1951.459	1949.257	1951.368	1954.402	279584	216845
2017-02-20 13:45:00	1952.048	1952.106	1951.148	1951.231	1949.204	1951.352	1954.473	248114	220198
2017-02-20 13:40:00	1951.329	1952.103	1951.270	1951.984	1949.135	1951.376	1954.540	246358	219848
2017-02-20 13:35:00	1950.722	1951.274	1950.570	1951.274	1949.029	1951.395	1954.599	235828	218571
2017-02-20 13:30:00	1952.631	1952.631	1950.496	1950.678	1948.882	1951.418	1954.661	289950	219643
2017-02-20 13:25:00	1953.210	1953.933	1952.598	1952.598	1948.811	1951.449	1954.725	292281	219195
2017-02-20 13:20:00	1952.649	1953.274	1952.649	1953.236	1948.716	1951.474	1954.771	249586	219094
2017-02-20 13:15:00	1952.956	1953.015	1952.600	1952.626	1948.625	1951.496	1954.812	236050	226743
2017-02-20 13:10:00	1952.751	1953.029	1952.494	1952.963	1948.508	1951.547	1954.859	230795	234317
2017-02-20 13:05:00	1952.626	1953.040	1952.563	1952.728	1948.335	1951.601	1954.896	224120	239950
2017-02-20 13:00:00	1952.094	1952.953	1952.094	1952.524	1948.183	1951.650	1954.932	278107	248500
2017-02-20 12:55:00	1951.542	1951.542	1951.542	1951.542	1948.018	1951.702	1954.964	2168	253370
2017-02-20 11:30:00	1951.537	1951.537	1951.537	1951.537	1947.848	1951.758	1955.004	385	278707
2017-02-20 11:25:00	1950.700	1951.520	1950.638	1951.520	1947.748	1951.793	1955.049	207772	306692
2017-02-20 11:20:00	1951.134	1951.213	1950.667	1950.744	1947.680	1951.831	1955.089	231578	321259
2017-02-20 11:15:00	1948.677	1951.553	1948.677	1951.203	1947.626	1951.878	1955.139	329879	334663
2017-02-20 11:10:00	1946.879	1948.556	1946.443	1948.556	1947.563	1951.916	1955.191	242861	345351
2017-02-20 11:05:00	1946.477	1946.982	1946.477	1946.897	1947.605	1951.980	1955.261	227211	365429
2017-02-20 11:00:00	1944.954	1946.437	1944.954	1946.352	1947.701	1952.061	1955.338	251899	388609
2017-02-20 10:55:00	1944.189	1945.143	1944.189	1945.016	1947.792	1952.137	1955.420	283233	409319
2017-02-20 10:50:00	1944.380	1944.828	1944.105	1944.164	1947.887	1952.231	1955.508	290765	435525
2017-02-20 10:45:00	1944.997	1944.997	1943.760	1944.369	1947.958	1952.342	1955.601	364323	465560
2017-02-20 10:40:00	1946.749	1946.906	1945.083	1945.083	1948.110	1952.457	1955.692	349656	506061
2017-02-20 10:35:00	1948.092	1948.092	1946.655	1946.739	1948.274	1952.578	1955.776	315293	491003
2017-02-20 10:30:00	1950.233	1950.286	1948.069	1948.073	1948.377	1952.658	1955.852	352367	485453
2017-02-20 10:25:00	1951.358	1951.358	1950.215	1950.215	1948.562	1952.720	1955.923	351158	480995
2017-02-20 10:20:00	1951.641	1952.194	1951.366	1951.366	1948.698	1952.734	1955.981	382230	492698
2017-02-20 10:15:00	1949.927	1951.743	1949.927	1951.633	1948.887	1952.716	1956.028	420151	500494
2017-02-20 10:10:00	1949.324	1949.950	1948.416	1949.912	1949.100	1952.712	1956.069	426281	493068
2017-02-20 10:05:00	1949.892	1949.892	1949.333	1949.411	1949.382	1952.732	1956.125	432645	485818
2017-02-20 10:00:00	1951.621	1951.637	1949.849	1949.849	1949.649	1952.765	1956.197	490193	480091
2017-02-20 09:55:00	1953.114	1953.627	1951.600	1951.600	1949.900	1952.793	1956.270	544037	462608
2017-02-20 09:50:00	1950.767	1953.099	1950.767	1953.014	1950.110	1952.789	1956.339	574900	440731
2017-02-20 09:45:00	1951.122	1951.612	1950.732	1950.869	1950.328	1952.748	1956.400	562551	417259
2017-02-20 09:40:00	1949.173	1951.030	1948.846	1951.030	1950.592	1952.717	1956.464	676328	392894
2017-02-20 09:35:00	1948.691	1949.371	1948.691	1949.218	1950.843	1952.700	1956.521	741290	365831
2017-02-20 09:30:00	1945.143	1948.724	1945.143	1948.722	1951.069	1952.696	1956.580	971828	330425
2017-02-20 09:25:00	1944.290	1944.412	1944.290	1944.412	1951.285	1952.680	1956.644	123787	279585
2017-02-17 15:00:00	1945.106	1945.106	1945.106	1945.106	1951.612	1952.687	1956.737	232045	289498
2017-02-17 14:55:00	1944.629	1944.981	1944.629	1944.904	1951.906	1952.668	1956.825	285494	295641
2017-02-17 14:50:00	1943.545	1944.706	1943.474	1944.706	1952.173	1952.684	1956.924	526713	292253
2017-02-17 14:45:00	1946.153	1946.153	1943.488	1943.534	1952.442	1952.726	1957.016	499171	271446
2017-02-17 14:40:00	1946.904	1947.074	1946.095	1946.095	1952.722	1952.748	1957.108	308759	255987
2017-02-17 14:35:00	1945.379	1946.927	1945.075	1946.922	1952.934	1952.757	1957.196	317528	252997
2017-02-17 14:30:00	1948.795	1948.814	1945.337	1945.337	1953.112	1952.760	1957.291	346746	249351
2017-02-17 14:25:00	1949.446	1949.839	1948.799	1948.833	1953.294	1952.776	1957.389	227944	243839
2017-02-17 14:20:00	1949.123	1949.484	1948.593	1949.457	1953.378	1952.725	1957.470	215884	255044
2017-02-17 14:15:00	1950.767	1950.814	1949.195	1949.215	1953.439	1952.712	1957.546	222818	261106
2017-02-17 14:10:00	1951.740	1951.740	1950.651	1950.760	1953.509	1952.732	1957.622	197073	271412
2017-02-17 14:05:00	1948.831	1951.831	1948.822	1951.634	1953.498	1952.720	1957.686	270387	258484
2017-02-17 14:00:00	1947.709	1948.802	1947.516	1948.802	1953.479	1952.763	1957.742	210195	240514
2017-02-17 13:55:00	1946.682	1947.830	1946.682	1947.802	1953.501	1952.839	1957.812	209226	245488
2017-02-17 13:50:00	1943.899	1946.678	1943.807	1946.678	1953.617	1952.939	1957.888	272485	247185
2017-02-17 13:45:00	1947.116	1947.116	1943.905	1943.906	1953.761	1953.081	1957.963	324199	243329
2017-02-17 13:40:00	1947.814	1947.935	1947.146	1947.146	1953.954	1953.264	1958.048	234669	238719
2017-02-17 13:35:00	1948.586	1948.649	1947.707	1947.862	1954.087	1953.411	1958.119	214607	245942
2017-02-17 13:30:00	1946.754	1948.707	1946.754	1948.668	1954.233	1953.547	1958.191	267281	257790
2017-02-17 13:25:00	1944.368	1946.765	1944.124	1946.765	1954.368	1953.673	1958.266	263920	259347
2017-02-17 13:20:00	1945.159	1945.283	1944.321	1944.321	1954.587	1953.827	1958.355	262838	271603
2017-02-17 13:15:00	1944.243	1945.288	1944.240	1945.149	1954.868	1954.003	1958.449	264061	286987
2017-02-17 13:10:00	1942.955	1944.235	1941.764	1944.235	1955.116	1954.184	1958.535	396020	292256
2017-02-17 13:05:00	1946.645	1946.741	1943.069	1943.069	1955.386	1954.383	1958.625	306806	294910
2017-02-17 13:00:00	1947.693	1947.693	1946.130	1946.548	1955.667	1954.593	1958.723	377408	297553
2017-02-17 12:55:00	1948.121	1948.121	1948.121	1948.121	1955.838	1954.767	1958.803	3157	295797
2017-02-17 11:30:00	1948.035	1948.035	1948.035	1948.035	1955.981	1954.935	1958.882	837	320575
2017-02-17 11:25:00	1950.594	1950.594	1948.029	1948.029	1956.130	1955.112	1958.957	284809	346695
2017-02-17 11:20:00	1951.741	1951.847	1950.625	1950.651	1956.269	1955.279	1959.032	234681	354860
2017-02-17 11:15:00	1950.900	1951.776	1950.832	1951.712	1956.356	1955.422	1959.100	214649	372096
2017-02-17 11:10:00	1949.814	1950.892	1949.814	1950.892	1956.422	1955.552	1959.166	255041	389275
2017-02-17 11:05:00	1947.770	1949.775	1947.203	1949.775	1956.482	1955.689	1959.235	343016	410735
2017-02-17 11:00:00	1952.001	1952.001	1947.718	1947.718	1956.576	1955.839	1959.309	392333	427606
2017-02-17 10:55:00	1953.263	1953.399	1951.937	1951.965	1956.726	1956.000	1959.391	290630	442528
2017-02-17 10:50:00	1951.773	1953.286	1951.108	1953.286	1956.804	1956.110	1959.446	447753	466075
2017-02-17 10:45:00	1957.375	1957.375	1951.894	1951.894	1956.881	1956.197	1959.495	493611	484632
2017-02-17 10:40:00	1956.952	1957.385	1956.512	1957.309	1956.939	1956.297	1959.550	343086	515543
2017-02-17 10:35:00	1960.872	1960.872	1957.014	1957.032	1956.878	1956.333	1959.569	435830	501677
2017-02-17 10:30:00	1962.234	1962.234	1960.805	1960.833	1956.769	1956.356	1959.585	346450	488871
2017-02-17 10:25:00	1964.037	1964.088	1962.248	1962.258	1956.545	1956.336	1959.580	351065	484639
2017-02-17 10:20:00	1962.646	1964.324	1962.623	1964.030	1956.324	1956.289	1959.565	374839	495687
2017-02-17 10:15:00	1962.365	1962.757	1962.037	1962.757	1956.081	1956.232	1959.543	392630	497828
2017-02-17 10:10:00	1962.205	1962.722	1962.157	1962.366	1955.880	1956.202	1959.538	407285	496706
2017-02-17 10:05:00	1963.801	1963.859	1961.938	1962.139	1955.686	1956.157	1959.535	493222	489480
2017-02-17 10:00:00	1964.081	1964.244	1963.718	1963.879	1955.469	1956.128	1959.517	472330	475016
2017-02-17 09:55:00	1963.597	1964.561	1963.597	1964.102	1955.167	1956.109	1959.483	576939	462276
2017-02-17 09:50:00	1960.591	1963.554	1960.591	1963.554	1954.841	1956.115	1959.428	596087	441628
2017-02-17 09:45:00	1959.551	1960.546	1959.511	1960.546	1954.557	1956.137	1959.371	616157	422261
2017-02-17 09:40:00	1960.702	1960.744	1959.320	1959.492	1954.322	1956.183	1959.334	643847	407146
2017-02-17 09:35:00	1959.835	1961.992	1959.835	1960.753	1954.076	1956.237	1959.300	726108	382480
2017-02-17 09:30:00	1958.559	1959.820	1958.302	1959.820	1953.761	1956.289	1959.255	957276	348716
2017-02-17 09:25:00	1958.256	1958.275	1958.256	1958.275	1953.431	1956.372	1959.210	135087	301159
2017-02-16 15:00:00	1958.115	1958.115	1958.115	1958.115	1953.195	1956.461	1959.166	243746	308002
2017-02-16 14:55:00	1956.726	1957.593	1956.726	1957.576	1953.010	1956.549	1959.128	282965	306350
2017-02-16 14:50:00	1955.765	1956.717	1955.678	1956.678	1952.773	1956.626	1959.094	516783	306588
2017-02-16 14:45:00	1954.511	1955.797	1954.511	1955.797	1952.580	1956.689	1959.071	406954	291471
2017-02-16 14:40:00	1953.037	1954.535	1953.027	1954.477	1952.409	1956.761	1959.043	375798	282065
2017-02-16 14:35:00	1952.566	1953.033	1952.261	1953.033	1952.258	1956.860	1959.007	298903	273326
2017-02-16 14:30:00	1952.716	1952.938	1952.392	1952.513	1952.072	1956.970	1958.987	276256	271357
2017-02-16 14:25:00	1950.252	1952.720	1950.238	1952.703	1951.985	1957.081	1958.967	281229	272650
2017-02-16 14:20:00	1950.738	1950.738	1949.972	1950.214	1951.955	1957.179	1958.949	267221	267684
2017-02-16 14:15:00	1949.894	1950.937	1949.821	1950.693	1951.941	1957.304	1958.949	305580	263311
2017-02-16 14:10:00	1953.548	1953.548	1949.872	1949.880	1952.046	1957.436	1958.947	389438	261720
2017-02-16 14:05:00	1954.004	1954.287	1953.580	1953.580	1952.176	1957.593	1958.948	273850	235830
2017-02-16 14:00:00	1953.451	1954.065	1953.362	1953.907	1952.262	1957.705	1958.931	219654	217604
2017-02-16 13:55:00	1953.775	1953.775	1953.170	1953.538	1952.401	1957.803	1958.911	243918	216332
2017-02-16 13:50:00	1955.107	1955.174	1953.765	1953.820	1952.574	1957.904	1958.905	237740	213556
2017-02-16 13:45:00	1955.424	1955.440	1955.078	1955.131	1952.735	1958.001	1958.910	218960	211547
2017-02-16 13:40:00	1957.680	1957.680	1955.410	1955.424	1952.861	1958.068	1958.904	286530	214246
2017-02-16 13:35:00	1958.311	1958.671	1957.683	1957.704	1952.977	1958.128	1958.898	290037	215879
2017-02-16 13:30:00	1957.599	1958.381	1957.599	1958.381	1953.067	1958.171	1958.881	265854	218833
2017-02-16 13:25:00	1957.744	1957.744	1957.276	1957.567	1953.138	1958.191	1958.864	244720	218451
2017-02-16 13:20:00	1957.167	1957.753	1957.167	1957.710	1953.252	1958.215	1958.855	269375	222790
2017-02-16 13:15:00	1955.090	1957.189	1955.060	1957.134	1953.381	1958.226	1958.847	295637	222994
2017-02-16 13:10:00	1955.248	1955.282	1954.921	1955.108	1953.520	1958.250	1958.839	206752	221435
2017-02-16 13:05:00	1955.526	1955.526	1954.998	1955.260	1953.696	1958.305	1958.837	201618	227257
2017-02-16 13:00:00	1955.379	1955.832	1955.379	1955.491	1953.889	1958.348	1958.830	281712	236746
2017-02-16 12:55:00	1954.979	1954.979	1954.979	1954.979	1954.094	1958.400	1958.825	1088	243208
2017-02-16 11:30:00	1954.989	1954.989	1954.989	1954.989	1954.290	1958.467	1958.824	470	268072
2017-02-16 11:25:00	1953.943	1955.000	1953.914	1955.000	1954.488	1958.541	1958.825	200570	296283
2017-02-16 11:20:00	1954.500	1954.557	1953.660	1953.906	1954.682	1958.615	1958.832	202274	312427
2017-02-16 11:15:00	1955.260	1955.260	1954.451	1954.484	1954.897	1958.702	1958.840	207614	324699
2017-02-16 11:10:00	1955.792	1955.792	1955.112	1955.215	1955.101	1958.785	1958.842	259440	341194
2017-02-16 11:05:00	1957.147	1957.377	1955.783	1955.859	1955.273	1958.859	1958.831	311019	356436
2017-02-16 11:00:00	1954.827	1957.167	1954.825	1957.167	1955.417	1958.927	1958.808	334353	368344
2017-02-16 10:55:00	1954.228	1954.770	1954.046	1954.770	1955.513	1958.974	1958.779	260116	382092
2017-02-16 10:50:00	1951.603	1954.261	1951.603	1954.261	1955.654	1959.046	1958.764	309819	403689
2017-02-16 10:45:00	1949.660	1951.618	1949.573	1951.582	1955.787	1959.126	1958.751	272421	422691
2017-02-16 10:40:00	1951.118	1951.162	1949.619	1949.638	1955.943	1959.229	1958.751	272264	455327
2017-02-16 10:35:00	1951.847	1951.931	1951.098	1951.205	1956.126	1959.340	1958.754	294071	443766
2017-02-16 10:30:00	1952.622	1952.622	1951.709	1951.885	1956.253	1959.427	1958.749	343965	441397
2017-02-16 10:25:00	1952.717	1953.308	1952.693	1952.693	1956.382	1959.519	1958.741	378634	438519
2017-02-16 10:20:00	1951.328	1952.864	1951.297	1952.670	1956.523	1959.629	1958.727	374055	453788
2017-02-16 10:15:00	1948.817	1951.277	1948.770	1951.265	1956.628	1959.746	1958.703	423629	477709
2017-02-16 10:10:00	1947.747	1948.829	1947.631	1948.829	1956.788	1959.888	1958.695	442732	479487
2017-02-16 10:05:00	1949.277	1949.311	1947.802	1947.802	1957.050	1960.053	1958.704	386360	481348
2017-02-16 10:00:00	1948.763	1950.009	1948.763	1949.314	1957.388	1960.210	1958.731	455029	499912
2017-02-16 09:55:00	1947.209	1948.811	1947.192	1948.811	1957.717	1960.342	1958.756	488067	490951
2017-02-16 09:50:00	1945.028	1947.209	1945.028	1947.189	1958.044	1960.465	1958.782	489651	484632
2017-02-16 09:45:00	1943.389	1945.054	1943.305	1945.028	1958.398	1960.607	1958.817	540569	475515
2017-02-16 09:40:00	1946.447	1946.447	1943.251	1943.289	1958.817	1960.787	1958.864	584067	456709
2017-02-16 09:35:00	1948.915	1949.273	1946.498	1946.498	1959.313	1960.982	1958.920	594851	433097
2017-02-16 09:30:00	1945.717	1948.919	1945.687	1948.867	1959.727	1961.164	1958.956	761963	409738
2017-02-16 09:25:00	1945.513	1945.700	1945.513	1945.700	1960.088	1961.305	1958.977	98852	376773
2017-02-15 15:00:00	1947.040	1947.040	1947.040	1947.040	1960.479	1961.468	1959.008	258525	387012
2017-02-15 14:55:00	1946.947	1947.237	1946.913	1947.225	1960.798	1961.635	1959.024	300800	387464
2017-02-15 14:50:00	1943.750	1946.969	1943.741	1946.969	1961.114	1961.822	1959.045	607670	387652
2017-02-15 14:45:00	1948.018	1948.018	1943.643	1943.711	1961.461	1962.002	1959.069	732872	368580
2017-02-15 14:40:00	1951.302	1951.306	1948.149	1948.149	1961.867	1962.215	1959.124	450298	338625
2017-02-15 14:35:00	1949.493	1951.381	1949.414	1951.243	1962.177	1962.381	1959.163	470653	328217
2017-02-15 14:30:00	1955.827	1955.833	1949.511	1949.511	1962.402	1962.512	1959.179	664810	315932
2017-02-15 14:25:00	1956.399	1956.836	1955.875	1955.910	1962.667	1962.652	1959.210	320623	289310
2017-02-15 14:20:00	1957.836	1957.836	1956.138	1956.409	1962.826	1962.722	1959.206	393282	283605
2017-02-15 14:15:00	1960.946	1960.946	1957.864	1957.864	1963.010	1962.785	1959.197	352885	270902
2017-02-15 14:10:00	1962.229	1962.229	1960.856	1960.863	1963.147	1962.837	1959.179	258482	267095
2017-02-15 14:05:00	1961.924	1962.240	1961.743	1962.196	1963.206	1962.844	1959.144	229889	250081
2017-02-15 14:00:00	1961.440	1962.010	1961.338	1961.842	1963.234	1962.832	1959.104	244461	234903
2017-02-15 13:55:00	1961.318	1961.434	1960.568	1961.434	1963.268	1962.826	1959.067	267494	233805
2017-02-15 13:50:00	1962.210	1962.210	1961.253	1961.253	1963.276	1962.834	1959.035	252432	231437
2017-02-15 13:45:00	1962.052	1962.262	1961.754	1962.165	1963.279	1962.860	1958.999	265306	230430
2017-02-15 13:40:00	1963.284	1963.317	1961.958	1961.976	1963.274	1962.884	1958.949	303620	227044
2017-02-15 13:35:00	1964.253	1964.276	1963.228	1963.228	1963.244	1962.894	1958.900	321600	223072
2017-02-15 13:30:00	1964.096	1964.495	1964.096	1964.169	1963.178	1962.886	1958.847	283542	218198
2017-02-15 13:25:00	1963.831	1964.085	1963.486	1964.076	1963.072	1962.868	1958.786	294170	215771
2017-02-15 13:20:00	1964.922	1965.093	1963.898	1963.908	1962.980	1962.853	1958.719	286381	215502
2017-02-15 13:15:00	1965.730	1965.975	1964.852	1964.899	1962.914	1962.839	1958.658	265477	221175
2017-02-15 13:10:00	1964.768	1965.819	1964.677	1965.766	1962.807	1962.829	1958.598	235050	226145
2017-02-15 13:05:00	1964.851	1964.854	1964.606	1964.763	1962.705	1962.802	1958.531	202741	234251
2017-02-15 13:00:00	1965.068	1965.597	1964.802	1964.895	1962.644	1962.784	1958.476	295776	247634
2017-02-15 12:55:00	1964.685	1964.685	1964.685	1964.685	1962.595	1962.779	1958.424	3283	257658
2017-02-15 11:30:00	1964.677	1964.677	1964.677	1964.677	1962.549	1962.781	1958.370	2218	284612
2017-02-15 11:25:00	1963.841	1964.684	1963.748	1964.684	1962.508	1962.781	1958.320	227981	309228
2017-02-15 11:20:00	1963.175	1963.869	1963.117	1963.837	1962.468	1962.780	1958.275	231973	320126
2017-02-15 11:15:00	1961.951	1963.096	1961.875	1963.048	1962.445	1962.783	1958.237	237329	334080
2017-02-15 11:10:00	1961.841	1961.966	1961.679	1961.938	1962.437	1962.782	1958.198	214518	349468
2017-02-15 11:05:00	1960.941	1961.971	1960.900	1961.862	1962.436	1962.792	1958.156	244038	370825
2017-02-15 11:00:00	1959.396	1960.896	1959.173	1960.896	1962.437	1962.803	1958.111	248493	392225
2017-02-15 10:55:00	1958.735	1959.443	1958.735	1959.382	1962.466	1962.806	1958.072	247143	410331
2017-02-15 10:50:00	1957.531	1958.978	1957.531	1958.790	1962.514	1962.813	1958.036	290132	432562
2017-02-15 10:45:00	1958.339	1958.359	1956.873	1957.565	1962.553	1962.823	1958.004	371466	459930
2017-02-15 10:40:00	1959.789	1959.901	1958.236	1958.314	1962.600	1962.840	1957.977	340038	496004
2017-02-15 10:35:00	1957.960	1959.812	1957.893	1959.758	1962.655	1962.855	1957.943	356629	483229
2017-02-15 10:30:00	1959.141	1959.141	1957.914	1957.916	1962.734	1962.875	1957.901	403489	475172
2017-02-15 10:25:00	1961.934	1961.958	1959.163	1959.241	1962.864	1962.913	1957.867	446133	467306
2017-02-15 10:20:00	1964.647	1964.647	1961.954	1961.961	1962.989	1962.906	1957.823	407598	470844
2017-02-15 10:15:00	1965.689	1965.889	1964.684	1964.684	1963.056	1962.857	1957.759	371457	470373
2017-02-15 10:10:00	1965.198	1965.768	1964.989	1965.768	1963.033	1962.741	1957.686	391447	469501
2017-02-15 10:05:00	1964.841	1965.261	1964.580	1965.171	1962.967	1962.606	1957.611	441293	467865
2017-02-15 10:00:00	1966.042	1966.179	1964.849	1964.859	1962.885	1962.484	1957.545	468146	462286
2017-02-15 09:55:00	1968.144	1968.144	1965.953	1966.001	1962.816	1962.363	1957.473	534876	451311
2017-02-15 09:50:00	1967.245	1968.620	1967.188	1968.079	1962.758	1962.220	1957.395	565033	433910
2017-02-15 09:45:00	1966.862	1967.240	1966.637	1967.211	1962.652	1962.048	1957.311	520091	416731
2017-02-15 09:40:00	1965.312	1966.959	1965.291	1966.913	1962.601	1961.871	1957.237	580602	405912
2017-02-15 09:35:00	1962.952	1965.249	1962.785	1965.249	1962.522	1961.707	1957.165	700655	388290
2017-02-15 09:30:00	1962.363	1963.020	1961.894	1962.971	1962.457	1961.562	1957.101	912579	359966
2017-02-15 09:25:00	1963.064	1963.064	1963.037	1963.037	1962.472	1961.452	1957.051	148404	320604
2017-02-14 15:00:00	1964.323	1964.323	1964.323	1964.323	1962.530	1961.325	1956.995	235780	326214
2017-02-14 14:55:00	1963.564	1964.025	1963.485	1964.025	1962.543	1961.154	1956.920	285490	328371
2017-02-14 14:50:00	1962.531	1963.631	1962.495	1963.631	1962.562	1961.005	1956.844	499214	329516
2017-02-14 14:45:00	1962.849	1962.905	1962.400	1962.480	1962.584	1960.853	1956.763	400521	311639
2017-02-14 14:40:00	1963.858	1963.875	1962.754	1962.777	1962.622	1960.719	1956.693	358378	299265
2017-02-14 14:35:00	1965.686	1965.686	1963.824	1963.864	1962.637	1960.594	1956.616	366916	290966
2017-02-14 14:30:00	1964.720	1965.724	1964.681	1965.614	1962.618	1960.458	1956.523	357607	280522
2017-02-14 14:25:00	1963.872	1964.727	1963.701	1964.716	1962.560	1960.303	1956.408	303524	269265
2017-02-14 14:20:00	1963.640	1963.828	1963.507	1963.788	1962.526	1960.157	1956.289	273854	261294
2017-02-14 14:15:00	1963.662	1964.036	1963.586	1963.609	1962.483	1960.018	1956.179	307353	254113
2017-02-14 14:10:00	1961.791	1963.580	1961.790	1963.558	1962.431	1959.906	1956.068	357803	248904
2017-02-14 14:05:00	1961.335	1961.809	1961.169	1961.809	1962.384	1959.818	1955.955	316278	225203
2017-02-14 14:00:00	1961.978	1961.978	1961.339	1961.397	1962.393	1959.740	1955.850	275784	204129
2017-02-14 13:55:00	1960.476	1962.019	1960.425	1961.953	1962.441	1959.667	1955.742	322161	197725
2017-02-14 13:50:00	1959.987	1960.438	1959.986	1960.437	1962.494	1959.591	1955.628	232548	189634
2017-02-14 13:45:00	1958.873	1959.995	1958.849	1959.942	1962.545	1959.537	1955.520	268135	187561
2017-02-14 13:40:00	1959.448	1959.448	1958.434	1958.863	1962.594	1959.496	1955.402	302657	183842
2017-02-14 13:35:00	1960.651	1960.651	1959.407	1959.494	1962.663	1959.468	1955.292	231066	178851
2017-02-14 13:30:00	1959.687	1960.707	1959.648	1960.584	1962.726	1959.428	1955.183	214918	183566
2017-02-14 13:25:00	1960.671	1960.671	1959.506	1959.579	1962.765	1959.370	1955.063	233886	192131
2017-02-14 13:20:00	1961.669	1961.689	1960.613	1960.666	1962.851	1959.313	1954.940	210258	196304
2017-02-14 13:15:00	1962.374	1962.469	1961.710	1961.710	1962.899	1959.250	1954.813	188745	198734
2017-02-14 13:10:00	1962.532	1962.545	1962.238	1962.418	1962.924	1959.181	1954.683	183969	202135
2017-02-14 13:05:00	1962.649	1962.683	1962.305	1962.409	1962.963	1959.108	1954.530	166132	209508
2017-02-14 13:00:00	1962.787	1963.006	1962.522	1962.606	1963.012	1959.048	1954.369	229223	220452
2017-02-14 12:55:00	1962.710	1962.710	1962.710	1962.710	1963.055	1958.978	1954.207	2288	225803
2017-02-14 11:30:00	1962.661	1962.661	1962.661	1962.661	1963.092	1958.899	1954.051	172	248397
2017-02-14 11:25:00	1961.967	1962.683	1961.928	1962.662	1963.121	1958.802	1953.892	179724	275001
2017-02-14 11:20:00	1961.943	1961.943	1961.468	1961.877	1963.128	1958.688	1953.720	200795	295058
2017-02-14 11:15:00	1962.351	1962.417	1961.896	1961.934	1963.149	1958.583	1953.554	201442	310682
2017-02-14 11:10:00	1961.824	1962.438	1961.774	1962.325	1963.169	1958.481	1953.384	212361	328348
2017-02-14 11:05:00	1960.786	1961.792	1960.712	1961.792	1963.145	1958.375	1953.196	227786	345354
2017-02-14 11:00:00	1959.925	1960.740	1959.339	1960.740	1963.113	1958.274	1953.009	301798	361967
2017-02-14 10:55:00	1961.021	1961.021	1959.801	1959.902	1963.094	1958.168	1952.822	343392	378471
2017-02-14 10:50:00	1963.639	1963.668	1961.061	1961.093	1963.081	1958.072	1952.639	296470	395758
2017-02-14 10:45:00	1964.439	1964.581	1963.679	1963.679	1963.056	1957.964	1952.449	246718	417466
2017-02-14 10:40:00	1965.494	1965.494	1964.310	1964.448	1963.017	1957.825	1952.247	239756	450190
2017-02-14 10:35:00	1965.254	1965.792	1965.217	1965.461	1962.962	1957.659	1952.034	294562	441457
2017-02-14 10:30:00	1963.589	1965.294	1963.582	1965.294	1962.822	1957.502	1951.807	330287	438739
2017-02-14 10:25:00	1962.512	1963.635	1962.512	1963.553	1962.658	1957.354	1951.582	309495	436011
2017-02-14 10:20:00	1961.185	1962.544	1961.176	1962.456	1962.449	1957.252	1951.365	341194	452183
2017-02-14 10:15:00	1961.393	1961.415	1960.501	1961.089	1962.245	1957.171	1951.157	399236	456818
2017-02-14 10:10:00	1963.089	1963.139	1961.396	1961.429	1962.083	1957.099	1950.962	480574	453214
2017-02-14 10:05:00	1962.778	1963.123	1962.348	1963.065	1961.910	1957.028	1950.762	435161	442245
2017-02-14 10:00:00	1964.599	1964.904	1962.796	1962.796	1961.683	1956.941	1950.550	466424	432349
2017-02-14 09:55:00	1963.147	1964.647	1963.108	1964.637	1961.445	1956.857	1950.339	467453	420933
2017-02-14 09:50:00	1962.071	1963.129	1962.057	1963.005	1961.141	1956.748	1950.114	476986	409178
2017-02-14 09:45:00	1963.669	1963.669	1961.697	1961.954	1960.891	1956.649	1949.901	549350	395817
2017-02-14 09:40:00	1965.978	1965.992	1963.723	1963.723	1960.667	1956.549	1949.696	602710	376648
2017-02-14 09:35:00	1964.966	1966.824	1964.966	1965.951	1960.433	1956.413	1949.464	622082	355161
2017-02-14 09:30:00	1964.773	1964.974	1963.419	1964.974	1960.120	1956.268	1949.224	737584	330804
2017-02-14 09:25:00	1964.775	1964.986	1964.775	1964.986	1959.765	1956.137	1948.987	108754	298044
2017-02-13 15:00:00	1964.745	1964.745	1964.745	1964.745	1959.448	1956.033	1948.739	253793	306916
2017-02-13 14:55:00	1963.583	1964.349	1963.583	1964.349	1959.122	1955.945	1948.507	289375	306754
2017-02-13 14:50:00	1962.944	1963.546	1962.834	1963.532	1958.816	1955.847	1948.277	552064	304873
2017-02-13 14:45:00	1962.774	1962.926	1962.545	1962.926	1958.552	1955.769	1948.068	410718	284539
2017-02-13 14:40:00	1962.999	1963.050	1962.716	1962.716	1958.298	1955.689	1947.859	345179	273467
2017-02-13 14:35:00	1961.621	1963.077	1961.621	1963.012	1958.046	1955.608	1947.647	316040	269625
2017-02-13 14:30:00	1960.941	1961.663	1960.941	1961.638	1957.787	1955.521	1947.434	286721	268419
2017-02-13 14:25:00	1961.273	1961.273	1960.780	1960.990	1957.554	1955.444	1947.231	295190	266628
2017-02-13 14:20:00	1962.240	1962.364	1961.219	1961.219	1957.382	1955.376	1947.048	291130	265568
2017-02-13 14:15:00	1963.843	1963.843	1962.262	1962.274	1957.251	1955.308	1946.877	276567	262398
2017-02-13 14:10:00	1964.608	1964.693	1963.788	1963.788	1957.088	1955.236	1946.699	261812	265102
2017-02-13 14:05:00	1963.012	1964.701	1962.917	1964.601	1956.893	1955.137	1946.509	280403	247866
2017-02-13 14:00:00	1962.400	1963.062	1962.398	1962.989	1956.689	1955.014	1946.305	256733	229192
2017-02-13 13:55:00	1962.373	1962.506	1962.194	1962.371	1956.529	1954.905	1946.105	246188	229333
2017-02-13 13:50:00	1962.581	1962.747	1962.245	1962.359	1956.399	1954.809	1945.909	241829	227173
2017-02-13 13:45:00	1962.495	1962.672	1962.381	1962.608	1956.272	1954.704	1945.719	251358	225657
2017-02-13 13:40:00	1963.865	1963.865	1962.370	1962.552	1956.131	1954.585	1945.528	261159	223545
2017-02-13 13:35:00	1963.139	1963.881	1963.082	1963.881	1955.975	1954.476	1945.337	247061	222050
2017-02-13 13:30:00	1962.960	1963.094	1962.807	1963.076	1955.774	1954.366	1945.134	244633	225492
2017-02-13 13:25:00	1964.264	1964.264	1962.914	1962.960	1955.601	1954.260	1944.928	287556	232354
2017-02-13 13:20:00	1964.808	1965.012	1964.338	1964.354	1955.438	1954.168	1944.723	297943	238638
2017-02-13 13:15:00	1964.691	1964.903	1964.563	1964.876	1955.253	1954.069	1944.517	259859	241945
2017-02-13 13:10:00	1964.609	1965.310	1964.584	1964.711	1955.084	1953.958	1944.306	279287	248340
2017-02-13 13:05:00	1964.185	1964.605	1963.918	1964.597	1954.902	1953.860	1944.088	243586	250211
2017-02-13 13:00:00	1963.514	1964.515	1963.514	1964.114	1954.706	1953.771	1943.874	317123	257443
2017-02-13 12:55:00	1962.981	1962.981	1962.981	1962.981	1954.483	1953.691	1943.660	3269	260879
2017-02-13 11:30:00	1962.922	1962.922	1962.922	1962.922	1954.249	1953.613	1943.451	298	286257
2017-02-13 11:25:00	1961.064	1962.934	1961.064	1962.934	1954.018	1953.519	1943.230	258853	313963
2017-02-13 11:20:00	1960.181	1961.152	1959.902	1961.152	1953.794	1953.419	1943.012	213781	325264
2017-02-13 11:15:00	1959.808	1960.255	1959.715	1960.173	1953.605	1953.339	1942.798	219087	342404
2017-02-13 11:10:00	1959.165	1959.803	1959.165	1959.803	1953.435	1953.260	1942.605	219686	358112
2017-02-13 11:05:00	1959.791	1959.791	1959.112	1959.250	1953.242	1953.184	1942.419	238725	379751
2017-02-13 11:00:00	1961.778	1961.975	1959.820	1959.820	1953.063	1953.113	1942.232	298689	405092
2017-02-13 10:55:00	1961.750	1961.889	1961.401	1961.733	1952.871	1953.030	1942.042	347575	427696
2017-02-13 10:50:00	1958.519	1961.741	1958.462	1961.700	1952.634	1952.926	1941.851	381805	454736
2017-02-13 10:45:00	1957.026	1958.558	1957.026	1958.499	1952.357	1952.821	1941.659	347545	487653
2017-02-13 10:40:00	1953.154	1957.063	1953.119	1957.057	1952.182	1952.740	1941.484	355791	545557
2017-02-13 10:35:00	1952.351	1953.103	1952.258	1953.103	1952.051	1952.661	1941.319	307358	534129
2017-02-13 10:30:00	1952.981	1953.007	1951.987	1952.275	1952.055	1952.631	1941.173	352061	530396
2017-02-13 10:25:00	1952.793	1953.428	1952.790	1953.012	1952.097	1952.617	1941.034	368662	526314
2017-02-13 10:20:00	1951.693	1952.785	1951.648	1952.745	1952.115	1952.605	1940.899	383933	538439
2017-02-13 10:15:00	1950.910	1951.823	1950.873	1951.719	1952.146	1952.583	1940.774	415891	542207
2017-02-13 10:10:00	1949.535	1950.936	1949.530	1950.884	1952.199	1952.569	1940.650	428369	550621
2017-02-13 10:05:00	1950.432	1950.432	1949.128	1949.480	1952.270	1952.573	1940.534	470882	548545
2017-02-13 10:00:00	1950.741	1951.033	1950.474	1950.474	1952.355	1952.603	1940.431	454710	539442
2017-02-13 09:55:00	1952.057	1952.104	1950.643	1950.745	1952.406	1952.624	1940.329	544273	530599
2017-02-13 09:50:00	1950.404	1952.050	1950.404	1952.050	1952.431	1952.640	1940.227	618833	516877
2017-02-13 09:45:00	1947.250	1950.357	1947.131	1950.292	1952.392	1952.650	1940.116	637753	496939
2017-02-13 09:40:00	1949.070	1949.070	1946.986	1947.233	1952.416	1952.664	1940.011	753180	476216
2017-02-13 09:35:00	1948.565	1949.513	1948.387	1949.119	1952.509	1952.686	1939.923	875553	446155
2017-02-13 09:30:00	1949.124	1949.677	1948.048	1948.428	1952.617	1952.682	1939.824	1216112	411484
2017-02-13 09:25:00	1948.925	1949.083	1948.925	1949.083	1952.768	1952.673	1939.735	184366	349553
2017-02-10 15:00:00	1950.319	1950.319	1950.319	1950.319	1952.878	1952.667	1939.639	251355	357342
2017-02-10 14:55:00	1950.087	1950.228	1950.003	1950.226	1952.985	1952.638	1939.526	290845	358167
2017-02-10 14:50:00	1950.118	1950.146	1949.818	1950.121	1953.080	1952.589	1939.404	550526	358471
2017-02-10 14:45:00	1949.878	1950.295	1949.878	1950.080	1953.170	1952.512	1939.275	440461	341547
2017-02-10 14:40:00	1952.457	1952.457	1949.512	1949.951	1953.254	1952.421	1939.151	542096	331567
2017-02-10 14:35:00	1954.743	1954.743	1952.425	1952.425	1953.335	1952.339	1939.034	397232	317454
2017-02-10 14:30:00	1954.086	1954.691	1953.942	1954.656	1953.371	1952.229	1938.894	334338	313175
2017-02-10 14:25:00	1954.032	1954.109	1953.685	1954.109	1953.365	1952.092	1938.747	322058	315656
2017-02-10 14:20:00	1954.362	1954.597	1954.065	1954.065	1953.384	1951.960	1938.606	338453	316813
2017-02-10 14:15:00	1954.979	1954.979	1954.108	1954.372	1953.382	1951.816	1938.474	319755	310517
2017-02-10 14:10:00	1955.880	1955.880	1954.957	1955.017	1953.339	1951.666	1938.337	326903	312643
2017-02-10 14:05:00	1956.051	1956.294	1955.823	1955.849	1953.281	1951.502	1938.192	302274	291099
2017-02-10 14:00:00	1955.615	1956.083	1955.569	1956.033	1953.219	1951.308	1938.035	355487	270989
2017-02-10 13:55:00	1954.847	1955.575	1954.808	1955.534	1953.136	1951.117	1937.876	287150	268298
2017-02-10 13:50:00	1953.675	1954.852	1953.440	1954.759	1953.040	1950.937	1937.719	301196	270470
2017-02-10 13:45:00	1954.461	1954.539	1953.820	1953.820	1952.977	1950.756	1937.565	263730	271653
2017-02-10 13:40:00	1954.796	1954.796	1954.038	1954.441	1952.959	1950.568	1937.409	295406	272724
2017-02-10 13:35:00	1955.127	1955.203	1954.750	1954.788	1952.920	1950.376	1937.244	296663	273645
2017-02-10 13:30:00	1956.421	1956.421	1955.022	1955.108	1952.898	1950.185	1937.073	290761	277738
2017-02-10 13:25:00	1955.637	1956.771	1955.637	1956.440	1952.885	1949.953	1936.896	330408	281390
2017-02-10 13:20:00	1954.836	1955.630	1954.645	1955.630	1952.833	1949.690	1936.720	333039	288810
2017-02-10 13:15:00	1952.914	1954.806	1952.906	1954.800	1952.817	1949.435	1936.552	371560	291100
2017-02-10 13:10:00	1951.223	1952.929	1951.161	1952.929	1952.835	1949.203	1936.385	339407	288169
2017-02-10 13:05:00	1951.431	1951.436	1951.102	1951.298	1952.898	1948.982	1936.225	244022	287424
2017-02-10 13:00:00	1951.810	1952.109	1951.361	1951.391	1952.978	1948.752	1936.078	351636	294280
2017-02-10 12:55:00	1951.711	1951.711	1951.711	1951.711	1953.020	1948.524	1935.927	3750	293977
2017-02-10 11:30:00	1951.683	1951.683	1951.683	1951.683	1953.043	1948.287	1935.776	617	317717
2017-02-10 11:25:00	1950.114	1951.796	1950.114	1951.674	1953.073	1948.017	1935.620	315127	341279
2017-02-10 11:20:00	1950.319	1950.342	1949.907	1950.156	1953.085	1947.745	1935.468	319732	344647
2017-02-10 11:15:00	1950.243	1950.832	1950.243	1950.295	1953.126	1947.477	1935.325	318940	351167
2017-02-10 11:10:00	1949.866	1950.305	1949.738	1950.264	1953.164	1947.206	1935.188	279785	364696
2017-02-10 11:05:00	1947.987	1949.852	1947.955	1949.852	1953.188	1946.935	1935.051	309225	380721
2017-02-10 11:00:00	1949.814	1949.829	1947.838	1947.838	1953.218	1946.668	1934.918	358068	398813
2017-02-10 10:55:00	1950.433	1950.585	1949.728	1949.785	1953.286	1946.408	1934.797	345528	416470
2017-02-10 10:50:00	1953.293	1953.293	1950.463	1950.488	1953.298	1946.111	1934.666	441717	433994
2017-02-10 10:45:00	1954.412	1954.412	1953.314	1953.314	1953.271	1945.810	1934.532	367389	448616
2017-02-10 10:40:00	1953.909	1954.565	1953.883	1954.370	1953.207	1945.478	1934.383	327590	481952
2017-02-10 10:35:00	1954.313	1954.313	1953.612	1953.906	1953.137	1945.143	1934.229	328235	468765
2017-02-10 10:30:00	1954.407	1954.662	1954.183	1954.276	1953.095	1944.824	1934.083	346862	463723
2017-02-10 10:25:00	1954.417	1954.735	1954.379	1954.409	1953.019	1944.497	1933.921	347086	459619
2017-02-10 10:20:00	1953.647	1954.427	1953.624	1954.390	1952.939	1944.159	1933.756	359855	472162
2017-02-10 10:15:00	1952.937	1953.769	1952.937	1953.758	1952.876	1943.821	1933.584	354041	477254
2017-02-10 10:10:00	1952.008	1953.036	1952.006	1953.036	1952.851	1943.479	1933.407	365653	477742
2017-02-10 10:05:00	1950.168	1952.156	1950.116	1951.980	1952.841	1943.154	1933.231	417528	476774
2017-02-10 10:00:00	1951.504	1951.552	1949.751	1950.100	1952.849	1942.843	1933.062	521883	468734
2017-02-10 09:55:00	1951.860	1951.860	1951.095	1951.512	1952.907	1942.516	1932.896	520162	451301
2017-02-10 09:50:00	1954.419	1954.419	1951.857	1951.857	1952.912	1942.180	1932.715	580602	434167
2017-02-10 09:45:00	1956.027	1956.102	1954.544	1954.544	1952.863	1941.837	1932.529	622926	412685
2017-02-10 09:40:00	1954.584	1956.092	1954.398	1955.972	1952.748	1941.445	1932.326	608387	387967
2017-02-10 09:35:00	1955.796	1956.514	1954.551	1954.558	1952.577	1941.069	1932.111	661037	366992
2017-02-10 09:30:00	1954.899	1955.932	1954.899	1955.697	1952.457	1940.707	1931.893	867433	341470
2017-02-10 09:25:00	1954.794	1954.974	1954.794	1954.974	1952.291	1940.367	1931.669	129778	301105
2017-02-09 15:00:00	1954.624	1954.624	1954.624	1954.624	1952.097	1940.030	1931.445	252619	311155
2017-02-09 14:55:00	1953.985	1954.371	1953.885	1954.263	1951.854	1939.687	1931.213	285294	310475
2017-02-09 14:50:00	1954.255	1954.255	1953.765	1953.989	1951.587	1939.347	1930.978	535229	308555
2017-02-09 14:45:00	1954.375	1954.433	1954.131	1954.218	1951.343	1939.019	1930.761	436244	291293
2017-02-09 14:40:00	1955.025	1955.137	1954.339	1954.381	1951.087	1938.719	1930.549	361349	279928
2017-02-09 14:35:00	1953.825	1955.176	1953.825	1955.061	1950.818	1938.447	1930.343	351143	274486
2017-02-09 14:30:00	1952.252	1953.933	1952.061	1953.933	1950.535	1938.162	1930.139	296927	270116
2017-02-09 14:25:00	1952.052	1952.483	1951.929	1952.259	1950.251	1937.880	1929.942	260390	268268
2017-02-09 14:20:00	1952.758	1952.782	1951.971	1952.086	1949.992	1937.597	1929.732	263147	264646
2017-02-09 14:15:00	1951.877	1952.847	1951.877	1952.760	1949.724	1937.305	1929.521	258368	260660
2017-02-09 14:10:00	1950.767	1951.869	1950.666	1951.869	1949.397	1937.010	1929.305	252158	262820
2017-02-09 14:05:00	1951.590	1951.590	1950.694	1950.752	1949.098	1936.733	1929.091	293766	246367
2017-02-09 14:00:00	1952.842	1952.921	1951.605	1951.605	1948.834	1936.472	1928.886	278209	226839
2017-02-09 13:55:00	1952.479	1953.002	1952.382	1952.931	1948.535	1936.198	1928.685	261956	222314
2017-02-09 13:50:00	1953.703	1953.730	1952.450	1952.462	1948.177	1935.901	1928.474	280522	220640
2017-02-09 13:45:00	1954.501	1954.501	1953.648	1953.714	1947.833	1935.596	1928.265	242421	219742
2017-02-09 13:40:00	1953.852	1954.520	1953.701	1954.442	1947.473	1935.279	1928.055	256489	222129
2017-02-09 13:35:00	1954.838	1954.902	1953.843	1953.843	1947.021	1934.965	1927.844	276303	225608
2017-02-09 13:30:00	1955.727	1955.766	1954.816	1954.838	1946.547	1934.653	1927.636	265765	225122
2017-02-09 13:25:00	1956.188	1956.378	1955.663	1955.683	1946.053	1934.317	1927.426	279728	225565
2017-02-09 13:20:00	1955.324	1956.220	1955.302	1956.120	1945.572	1933.977	1927.215	285591	226540
2017-02-09 13:15:00	1953.562	1955.312	1953.562	1955.262	1945.065	1933.629	1927.007	269204	227546
2017-02-09 13:10:00	1952.898	1953.589	1952.830	1953.509	1944.526	1933.289	1926.804	206059	231039
2017-02-09 13:05:00	1953.231	1953.320	1952.877	1952.877	1944.028	1932.940	1926.607	203359	240274
2017-02-09 13:00:00	1952.703	1953.572	1952.703	1953.180	1943.530	1932.605	1926.408	290766	250318
2017-02-09 12:55:00	1952.243	1952.243	1952.243	1952.243	1942.960	1932.257	1926.208	5370	258128
2017-02-09 11:30:00	1952.209	1952.209	1952.209	1952.209	1942.405	1931.950	1926.004	841	283463
2017-02-09 11:25:00	1951.514	1952.214	1951.444	1952.214	1941.827	1931.654	1925.801	210334	316123
2017-02-09 11:20:00	1951.410	1951.527	1951.243	1951.432	1941.248	1931.350	1925.598	236849	336000
2017-02-09 11:15:00	1951.280	1951.743	1951.233	1951.358	1940.683	1931.056	1925.394	267045	356520
2017-02-09 11:10:00	1950.480	1951.383	1950.480	1951.252	1940.119	1930.776	1925.185	278237	373442
2017-02-09 11:05:00	1949.195	1950.381	1948.609	1950.379	1939.531	1930.497	1924.977	308665	389996
2017-02-09 11:00:00	1950.149	1950.306	1949.123	1949.123	1938.924	1930.227	1924.771	269018	408716
2017-02-09 10:55:00	1950.839	1950.861	1950.134	1950.160	1938.349	1929.978	1924.570	272412	432758
2017-02-09 10:50:00	1951.790	1951.887	1950.839	1950.857	1937.749	1929.715	1924.365	294346	455989
2017-02-09 10:45:00	1950.518	1951.911	1950.518	1951.796	1937.148	1929.450	1924.156	300681	478777
2017-02-09 10:40:00	1950.337	1950.498	1949.843	1950.498	1936.554	1929.193	1923.943	321609	508722
2017-02-09 10:35:00	1951.226	1951.290	1950.377	1950.377	1935.975	1928.966	1923.735	344571	495453
2017-02-09 10:30:00	1952.520	1952.520	1951.262	1951.262	1935.380	1928.730	1923.528	354033	490032
2017-02-09 10:25:00	1952.681	1953.324	1952.489	1952.489	1934.766	1928.495	1923.308	407914	486354
2017-02-09 10:20:00	1952.380	1952.623	1951.679	1952.547	1934.107	1928.258	1923.073	385393	496626
2017-02-09 10:15:00	1953.069	1953.758	1952.371	1952.371	1933.467	1928.034	1922.838	490737	502525
2017-02-09 10:10:00	1951.744	1953.034	1951.537	1953.034	1932.837	1927.815	1922.610	508494	494966
2017-02-09 10:05:00	1949.515	1951.911	1949.509	1951.733	1932.125	1927.583	1922.377	544649	488540
2017-02-09 10:00:00	1948.642	1949.428	1948.493	1949.428	1931.448	1927.358	1922.156	520869	476939
2017-02-09 09:55:00	1947.435	1948.753	1947.393	1948.753	1930.810	1927.161	1921.958	526544	460743
2017-02-09 09:50:00	1948.463	1948.554	1946.781	1947.446	1930.142	1926.966	1921.758	589477	446107
2017-02-09 09:45:00	1947.536	1948.669	1947.536	1948.545	1929.562	1926.797	1921.565	629638	425977
2017-02-09 09:40:00	1945.281	1947.396	1945.281	1947.396	1928.958	1926.611	1921.382	620883	402765
2017-02-09 09:35:00	1942.519	1945.298	1942.519	1945.298	1928.443	1926.414	1921.202	636161	378629
2017-02-09 09:30:00	1940.375	1942.484	1939.634	1942.472	1927.962	1926.220	1921.036	749860	358055
2017-02-09 09:25:00	1940.842	1940.919	1940.842	1940.919	1927.519	1926.038	1920.881	122571	333188
2017-02-08 15:00:00	1941.793	1941.793	1941.793	1941.793	1927.107	1925.882	1920.728	263258	340076
2017-02-08 14:55:00	1940.992	1941.390	1940.795	1941.390	1926.694	1925.729	1920.577	298863	335006
2017-02-08 14:50:00	1940.884	1940.975	1940.714	1940.942	1926.351	1925.560	1920.439	561994	329817
2017-02-08 14:45:00	1939.671	1940.940	1939.671	1940.909	1926.075	1925.402	1920.312	473880	310586
2017-02-08 14:40:00	1939.373	1939.733	1939.225	1939.711	1925.790	1925.253	1920.183	377350	295800
2017-02-08 14:35:00	1938.752	1939.740	1938.752	1939.317	1925.510	1925.132	1920.042	412102	284190
2017-02-08 14:30:00	1936.393	1938.709	1936.366	1938.709	1925.202	1925.008	1919.913	370638	272568
2017-02-08 14:25:00	1936.962	1936.977	1936.385	1936.385	1924.886	1924.881	1919.792	277923	266364
2017-02-08 14:20:00	1937.617	1938.048	1936.944	1936.944	1924.623	1924.763	1919.705	307005	259800
2017-02-08 14:15:00	1936.631	1937.656	1936.620	1937.556	1924.368	1924.634	1919.607	287536	250134
2017-02-08 14:10:00	1935.021	1936.625	1934.985	1936.625	1924.109	1924.501	1919.504	281451	244077
2017-02-08 14:05:00	1935.274	1935.274	1934.780	1935.049	1923.862	1924.374	1919.405	258850	225374
2017-02-08 14:00:00	1935.632	1936.014	1935.274	1935.274	1923.625	1924.250	1919.311	327551	208137
2017-02-08 13:55:00	1931.870	1935.678	1931.870	1935.678	1923.358	1924.112	1919.210	376841	198614
2017-02-08 13:50:00	1930.198	1931.868	1930.148	1931.868	1923.085	1923.960	1919.106	225901	185918
2017-02-08 13:45:00	1930.158	1930.305	1930.020	1930.154	1922.909	1923.840	1919.017	187200	182684
2017-02-08 13:40:00	1931.575	1931.609	1930.083	1930.101	1922.758	1923.749	1918.937	221032	182340
2017-02-08 13:35:00	1930.822	1932.055	1930.803	1931.631	1922.581	1923.668	1918.863	273531	181516
2017-02-08 13:30:00	1928.285	1930.784	1928.242	1930.784	1922.382	1923.568	1918.787	252088	177267
2017-02-08 13:25:00	1928.582	1928.659	1928.299	1928.299	1922.193	1923.469	1918.709	203203	176699
2017-02-08 13:20:00	1928.012	1928.638	1928.012	1928.638	1922.052	1923.404	1918.644	237774	180699
2017-02-08 13:15:00	1924.678	1927.986	1924.669	1927.958	1921.852	1923.329	1918.575	277577	179964
2017-02-08 13:10:00	1924.481	1924.788	1924.427	1924.702	1921.681	1923.266	1918.512	179459	178115
2017-02-08 13:05:00	1923.377	1924.554	1923.297	1924.469	1921.554	1923.224	1918.461	162014	182661
2017-02-08 13:00:00	1923.402	1923.702	1923.114	1923.345	1921.495	1923.191	1918.410	196684	189366
2017-02-08 12:55:00	1923.242	1923.242	1923.242	1923.242	1921.480	1923.173	1918.365	911	196961
2017-02-08 11:30:00	1923.171	1923.171	1923.171	1923.171	1921.453	1923.171	1918.317	294	214174
2017-02-08 11:25:00	1921.939	1923.165	1921.902	1923.165	1921.428	1923.168	1918.265	184697	232856
2017-02-08 11:20:00	1920.086	1921.856	1920.040	1921.834	1921.433	1923.167	1918.212	186411	245733
2017-02-08 11:15:00	1920.373	1920.442	1919.983	1920.063	1921.464	1923.185	1918.165	177382	262425
2017-02-08 11:10:00	1920.108	1920.468	1920.087	1920.372	1921.531	1923.221	1918.130	182044	278038
2017-02-08 11:05:00	1920.747	1920.747	1919.679	1920.140	1921.607	1923.254	1918.094	208673	295375
2017-02-08 11:00:00	1922.202	1922.202	1920.696	1920.829	1921.681	1923.288	1918.058	209797	309784
2017-02-08 10:55:00	1921.549	1922.191	1921.406	1922.062	1921.752	1923.316	1918.017	243571	325785
2017-02-08 10:50:00	1920.685	1921.573	1920.590	1921.573	1921.833	1923.343	1917.969	263194	341883
2017-02-08 10:45:00	1920.550	1920.634	1920.239	1920.634	1921.957	1923.344	1917.922	226757	360036
2017-02-08 10:40:00	1919.599	1920.615	1919.217	1920.526	1922.080	1923.353	1917.881	249833	390658
2017-02-08 10:35:00	1920.425	1920.550	1919.537	1919.566	1922.225	1923.348	1917.836	247648	380650
2017-02-08 10:30:00	1920.931	1921.110	1920.525	1920.555	1922.410	1923.335	1917.792	262589	377805
2017-02-08 10:25:00	1917.470	1920.897	1917.393	1920.860	1922.601	1923.307	1917.740	310608	375287
2017-02-08 10:20:00	1917.842	1918.036	1917.395	1917.431	1922.792	1923.281	1917.694	259115	382445
2017-02-08 10:15:00	1917.485	1918.017	1917.485	1917.880	1923.040	1923.276	1917.664	280526	385244
2017-02-08 10:10:00	1915.387	1917.522	1915.314	1917.522	1923.268	1923.250	1917.636	377849	385355
2017-02-08 10:05:00	1918.406	1918.456	1915.378	1915.378	1923.512	1923.221	1917.607	436794	377155
2017-02-08 10:00:00	1918.302	1918.528	1918.010	1918.428	1923.791	1923.208	1917.588	411573	362965
2017-02-08 09:55:00	1921.653	1921.717	1918.334	1918.360	1924.031	1923.154	1917.558	442097	351972
2017-02-08 09:50:00	1921.211	1921.666	1921.061	1921.666	1924.265	1923.078	1917.529	424805	338410
2017-02-08 09:45:00	1920.391	1921.464	1920.391	1921.212	1924.385	1922.971	1917.483	449815	325292
2017-02-08 09:40:00	1920.290	1920.396	1918.907	1920.346	1924.478	1922.860	1917.445	485037	309295
2017-02-08 09:35:00	1921.142	1922.436	1920.325	1920.325	1924.556	1922.738	1917.413	535494	289873
2017-02-08 09:30:00	1923.500	1923.500	1920.926	1921.125	1924.656	1922.609	1917.391	686093	267901
2017-02-08 09:25:00	1924.231	1924.231	1924.223	1924.223	1924.764	1922.504	1917.360	99701	235852
2017-02-07 15:00:00	1927.174	1927.174	1927.174	1927.174	1924.769	1922.379	1917.313	204985	241761
2017-02-07 14:55:00	1925.821	1926.624	1925.808	1926.620	1924.728	1922.240	1917.246	224812	241538
2017-02-07 14:50:00	1923.992	1925.752	1923.992	1925.720	1924.717	1922.116	1917.180	417972	239271
2017-02-07 14:45:00	1922.916	1923.929	1922.856	1923.929	1924.754	1922.003	1917.119	301108	226855
2017-02-07 14:40:00	1923.193	1923.280	1922.634	1922.894	1924.815	1921.868	1917.060	282187	223420
2017-02-07 14:35:00	1924.275	1924.276	1923.229	1923.229	1924.876	1921.737	1917.004	254845	220198
2017-02-07 14:30:00	1924.598	1924.598	1923.995	1924.236	1924.902	1921.600	1916.943	223954	227218
2017-02-07 14:25:00	1924.266	1924.915	1924.239	1924.573	1924.900	1921.449	1916.868	246675	224508
2017-02-07 14:20:00	1923.176	1924.309	1923.176	1924.303	1924.893	1921.301	1916.778	238662	220026
2017-02-07 14:15:00	1921.913	1923.195	1921.913	1923.166	1924.885	1921.171	1916.677	228043	215892
2017-02-07 14:10:00	1922.040	1922.063	1921.671	1921.964	1924.875	1921.047	1916.580	209853	217272
2017-02-07 14:05:00	1923.071	1923.101	1921.991	1922.019	1924.866	1920.933	1916.486	193706	203389
2017-02-07 14:00:00	1922.652	1923.452	1922.599	1923.033	1924.834	1920.832	1916.391	205918	190497
2017-02-07 13:55:00	1921.290	1922.651	1921.131	1922.622	1924.771	1920.723	1916.293	205352	191157
2017-02-07 13:50:00	1921.768	1922.008	1921.222	1921.231	1924.741	1920.620	1916.201	188338	191173
2017-02-07 13:45:00	1921.333	1921.975	1921.333	1921.692	1924.756	1920.535	1916.124	201652	195062
2017-02-07 13:40:00	1921.234	1921.422	1921.176	1921.346	1924.754	1920.453	1916.042	190798	200635
2017-02-07 13:35:00	1918.595	1921.248	1918.595	1921.239	1924.745	1920.385	1915.957	231736	204646
2017-02-07 13:30:00	1919.319	1919.413	1918.299	1918.651	1924.756	1920.319	1915.871	249575	206538
2017-02-07 13:25:00	1918.390	1919.593	1918.390	1919.407	1924.807	1920.274	1915.796	233869	206404
2017-02-07 13:20:00	1921.486	1921.486	1917.910	1918.354	1924.850	1920.210	1915.719	360145	207482
2017-02-07 13:15:00	1922.641	1922.786	1921.532	1921.532	1924.893	1920.159	1915.645	183302	200895
2017-02-07 13:10:00	1921.870	1923.250	1921.870	1922.579	1924.886	1920.059	1915.549	179441	205987
2017-02-07 13:05:00	1921.914	1921.960	1921.495	1921.878	1924.866	1919.949	1915.441	176647	211608
2017-02-07 13:00:00	1923.154	1923.154	1921.931	1921.948	1924.888	1919.846	1915.339	248746	219265
2017-02-07 12:55:00	1923.425	1923.425	1923.425	1923.425	1924.907	1919.733	1915.246	1611	222928
2017-02-07 11:30:00	1923.375	1923.375	1923.375	1923.375	1924.901	1919.593	1915.142	323	242682
2017-02-07 11:25:00	1924.206	1924.298	1923.365	1923.373	1924.907	1919.457	1915.038	215827	265136
2017-02-07 11:20:00	1923.951	1924.234	1923.876	1924.204	1924.912	1919.315	1914.938	205584	277888
2017-02-07 11:15:00	1924.364	1924.474	1923.319	1923.846	1924.900	1919.161	1914.832	246672	288831
2017-02-07 11:10:00	1926.092	1926.100	1924.389	1924.389	1924.896	1919.014	1914.731	285249	295074
2017-02-07 11:05:00	1927.731	1927.782	1926.101	1926.101	1924.880	1918.861	1914.631	250963	301833
2017-02-07 11:00:00	1926.826	1928.051	1926.787	1927.767	1924.852	1918.692	1914.523	260118	314689
2017-02-07 10:55:00	1927.884	1927.884	1926.461	1926.770	1924.731	1918.505	1914.411	247564	327345
2017-02-07 10:50:00	1928.785	1928.785	1927.808	1927.808	1924.627	1918.326	1914.303	250032	343987
2017-02-07 10:45:00	1930.204	1930.240	1928.769	1928.769	1924.470	1918.121	1914.190	261340	362460
2017-02-07 10:40:00	1930.485	1930.801	1930.072	1930.145	1924.261	1917.887	1914.072	259689	388932
2017-02-07 10:35:00	1929.881	1930.728	1929.812	1930.398	1924.013	1917.642	1913.947	263751	377663
2017-02-07 10:30:00	1929.318	1929.874	1929.254	1929.850	1923.770	1917.405	1913.823	291503	374176
2017-02-07 10:25:00	1929.723	1929.723	1928.721	1929.255	1923.512	1917.171	1913.705	303687	369854
2017-02-07 10:20:00	1929.336	1929.752	1928.948	1929.718	1923.231	1916.954	1913.590	297925	376437
2017-02-07 10:15:00	1930.371	1930.644	1929.273	1929.309	1922.929	1916.755	1913.468	337142	375441
2017-02-07 10:10:00	1930.187	1931.192	1930.178	1930.463	1922.625	1916.551	1913.346	407106	369655
2017-02-07 10:05:00	1927.781	1930.023	1927.626	1930.023	1922.276	1916.334	1913.205	369729	360116
2017-02-07 10:00:00	1925.919	1927.691	1925.876	1927.691	1921.891	1916.152	1913.060	340319	352253
2017-02-07 09:55:00	1924.301	1925.876	1924.241	1925.858	1921.557	1915.989	1912.928	386624	343554
2017-02-07 09:50:00	1925.315	1925.315	1923.991	1924.241	1921.242	1915.851	1912.811	443800	331103
2017-02-07 09:45:00	1926.536	1926.674	1925.285	1925.349	1920.921	1915.724	1912.695	449959	315129
2017-02-07 09:40:00	1924.479	1926.672	1924.445	1926.509	1920.562	1915.573	1912.567	497195	299001
2017-02-07 09:35:00	1925.286	1925.441	1923.788	1924.467	1920.244	1915.425	1912.434	527130	278620
2017-02-07 09:30:00	1925.512	1925.512	1923.579	1925.120	1919.990	1915.318	1912.313	658428	255780
2017-02-07 09:25:00	1925.900	1926.064	1925.900	1926.064	1919.752	1915.223	1912.190	90643	223996
2017-02-06 15:00:00	1927.572	1927.572	1927.572	1927.572	1919.515	1915.114	1912.056	211457	230184
2017-02-06 14:55:00	1925.946	1926.979	1925.933	1926.979	1919.252	1914.952	1911.904	226659	227852
2017-02-06 14:50:00	1924.531	1925.958	1924.531	1925.958	1918.920	1914.818	1911.759	402444	223296
2017-02-06 14:45:00	1924.022	1924.554	1924.004	1924.554	1918.597	1914.702	1911.619	282984	208459
2017-02-06 14:40:00	1924.175	1924.175	1923.858	1924.133	1918.298	1914.647	1911.485	250348	201902
2017-02-06 14:35:00	1923.892	1924.572	1923.838	1924.191	1917.997	1914.579	1911.342	264018	197731
2017-02-06 14:30:00	1922.689	1923.942	1922.618	1923.942	1917.708	1914.508	1911.184	251789	192664
2017-02-06 14:25:00	1921.458	1922.639	1921.458	1922.639	1917.457	1914.436	1911.039	209828	186985
2017-02-06 14:20:00	1920.479	1921.506	1920.422	1921.498	1917.220	1914.371	1910.898	199860	183663
2017-02-06 14:15:00	1919.903	1920.509	1919.663	1920.452	1917.000	1914.307		204195	180045
2017-02-06 14:10:00	1921.088	1921.118	1919.859	1919.873	1916.829	1914.251		208043	179714
2017-02-06 14:05:00	1921.979	1922.106	1921.100	1921.100	1916.675	1914.195		191480	165918
2017-02-06 14:00:00	1921.666	1922.008	1921.549	1922.008	1916.500	1914.125		184520	153172
2017-02-06 13:55:00	1920.872	1921.661	1920.809	1921.574	1916.314	1914.057		181670	152462
2017-02-06 13:50:00	1921.765	1921.767	1920.923	1920.923	1916.153	1914.005		183470	155700
2017-02-06 13:45:00	1921.101	1921.860	1921.090	1921.781	1916.025	1913.950		176472	164887
2017-02-06 13:40:00	1921.540	1921.665	1921.094	1921.172	1915.882	1913.884		158312	167665
2017-02-06 13:35:00	1920.442	1921.710	1920.442	1921.593	1915.742	1913.821		179902	173892
2017-02-06 13:30:00	1921.138	1921.235	1920.405	1920.481	1915.570	1913.758		184622	176443
2017-02-06 13:25:00	1921.519	1921.590	1921.142	1921.193	1915.425	1913.699		187787	177669
2017-02-06 13:20:00	1923.004	1923.072	1921.565	1921.578	1915.232	1913.630		188013	180045
2017-02-06 13:15:00	1922.898	1923.339	1922.898	1922.993	1915.032	1913.557		166600	184263
2017-02-06 13:10:00	1923.090	1923.197	1922.861	1922.888	1914.804	1913.463		159995	188677
2017-02-06 13:05:00	1923.661	1923.778	1923.111	1923.113	1914.558	1913.363		145597	193791
2017-02-06 13:00:00	1923.949	1924.239	1923.500	1923.655	1914.285	1913.256		199226	200203
2017-02-06 12:55:00	1923.658	1923.658	1923.658	1923.658	1914.008	1913.144		1100	203824
2017-02-06 11:30:00	1923.612	1923.612	1923.612	1923.612	1913.718	1913.038		301	220845
2017-02-06 11:25:00	1923.567	1923.836	1923.494	1923.602	1913.421	1912.933		173867	238094
2017-02-06 11:20:00	1924.729	1924.849	1923.495	1923.601	1913.133	1912.827		230237	244539
2017-02-06 11:15:00	1921.630	1924.836	1921.630	1924.735	1912.843	1912.718		321279	250010
2017-02-06 11:10:00	1921.559	1921.721	1921.094	1921.718	1912.531	1912.595		218136	253073
2017-02-06 11:05:00	1919.999	1921.689	1919.924	1921.546	1912.278	1912.500		251725	267431
2017-02-06 11:00:00	1918.338	1919.980	1918.291	1919.965	1912.025	1912.408		218164	277373
2017-02-06 10:55:00	1917.787	1918.382	1917.488	1918.328	1911.773	1912.324		203006	291127
2017-02-06 10:50:00	1918.295	1918.361	1917.685	1917.719	1911.513	1912.249		223429	306515
2017-02-06 10:45:00	1916.931	1918.313	1916.926	1918.259	1911.271	1912.174		251289	323573
2017-02-06 10:40:00	1915.266	1916.953	1915.169	1916.953	1911.040	1912.106		232803	346035
2017-02-06 10:35:00	1914.705	1915.379	1914.507	1915.208	1910.829	1912.051		236699	336686
2017-02-06 10:30:00	1914.026	1914.646	1914.010	1914.625	1910.677	1912.022		241784	330403
2017-02-06 10:25:00	1913.020	1914.101	1912.919	1914.071	1910.581	1911.994		253537	324365
2017-02-06 10:20:00	1910.771	1913.140	1910.760	1913.028	1910.477	1911.968		256420	328915
2017-02-06 10:15:00	1911.063	1911.344	1910.532	1910.766	1910.393	1911.963		259039	327806
2017-02-06 10:10:00	1910.117	1911.027	1909.990	1911.027	1910.413	1911.980		270534	322402
2017-02-06 10:05:00	1908.186	1910.328	1908.186	1910.092	1910.421	1911.995		312304	316278
2017-02-06 10:00:00	1907.399	1908.173	1906.836	1908.173	1910.460	1912.029		367224	307006
2017-02-06 09:55:00	1910.613	1910.613	1907.087	1907.425	1910.528	1912.089		433509	291535
2017-02-06 09:50:00	1911.727	1911.745	1910.594	1910.594	1910.584	1912.172		400856	271865
2017-02-06 09:45:00	1913.216	1913.216	1911.759	1911.759	1910.607	1912.215		424470	253740
2017-02-06 09:40:00	1914.192	1914.729	1913.217	1913.217	1910.647	1912.246		433825	234762
2017-02-06 09:35:00	1914.412	1915.102	1914.193	1914.250	1910.694	1912.252		479296	214813
2017-02-06 09:30:00	1911.067	1914.398	1911.067	1914.398	1910.712	1912.244		588224	191489
2017-02-06 09:25:00	1910.214	1910.402	1910.214	1910.402	1910.652	1912.235		92569	162276
2017-02-03 15:00:00	1909.789	1909.789	1909.789	1909.789	1910.716	1912.252		142449	164911
2017-02-03 14:55:00	1909.054	1909.622	1909.033	1909.598	1910.807	1912.272		151226	165543
2017-02-03 14:50:00	1909.766	1909.766	1908.989	1909.094	1910.996	1912.285		321783	164475
2017-02-03 14:45:00	1911.412	1911.559	1909.698	1909.758	1911.160	1912.287		239785	151013
2017-02-03 14:40:00	1910.879	1911.477	1910.791	1911.363	1911.307	1912.256		177976	142924
2017-02-03 14:35:00	1910.512	1910.790	1910.364	1910.790	1911.415	1912.183		178679	139335
2017-02-03 14:30:00	1911.810	1911.852	1910.481	1910.525	1911.523	1912.112		173212	134522
2017-02-03 14:25:00	1912.239	1912.292	1911.873	1911.873	1911.614	1912.039		135172	129878
2017-02-03 14:20:00	1912.389	1912.395	1912.094	1912.174	1911.674	1911.950		138446	126880
2017-02-03 14:15:00	1912.812	1912.853	1912.234	1912.327	1911.715	1911.862		128985	123373
2017-02-03 14:10:00	1913.550	1913.550	1912.725	1912.725	1911.750	1911.781		139800	122377
2017-02-03 14:05:00	1914.573	1914.607	1913.414	1913.526	1911.801	1911.714		134594	113116
2017-02-03 14:00:00	1914.652	1914.675	1914.421	1914.547	1911.858	1911.631		129440	104167
2017-02-03 13:55:00	1914.161	1914.689	1914.134	1914.608	1911.874	1911.528		150027	102917
2017-02-03 13:50:00	1913.016	1914.181	1912.897	1914.181	1911.887	1911.422		132089	101496
2017-02-03 13:45:00	1913.225	1913.538	1912.824	1913.002	1911.900	1911.318		151931	101770
2017-02-03 13:40:00	1911.635	1913.233	1911.552	1913.233	1911.947	1911.228		135208	101570
2017-02-03 13:35:00	1911.546	1911.897	1911.505	1911.505	1911.974	1911.130		119848	103528
2017-02-03 13:30:00	1911.542	1911.714	1911.352	1911.610	1912.028	1911.038		118458	106422
2017-02-03 13:25:00	1910.649	1911.604	1910.577	1911.604	1912.081	1910.933		124143	109865
2017-02-03 13:20:00	1909.401	1910.571	1909.224	1910.571	1912.122	1910.832		106483	113362
2017-02-03 13:15:00	1909.849	1909.992	1909.338	1909.465	1912.167	1910.759		103549	119809
2017-02-03 13:10:00	1909.151	1909.817	1909.046	1909.817	1912.227	1910.692		90194	124105
2017-02-03 13:05:00	1908.819	1909.128	1908.670	1909.118	1912.281	1910.618		85840	132498
2017-02-03 13:00:00	1909.334	1909.560	1908.756	1908.804	1912.358	1910.561		114055	143337
2017-02-03 12:55:00	1909.165	1909.165	1909.165	1909.165	1912.445	1910.503		884	149061
2017-02-03 11:30:00	1909.128	1909.128	1909.128	1909.128	1912.522	1910.448		359	162923
2017-02-03 11:25:00	1909.069	1909.162	1908.829	1909.112	1912.594	1910.400		110687	177214
2017-02-03 11:20:00	1908.862	1909.130	1908.613	1909.100	1912.658	1910.355		128716	187042
2017-02-03 11:15:00	1907.453	1908.883	1907.453	1908.872	1912.723	1910.316		136191	198993
2017-02-03 11:10:00	1905.432	1907.366	1905.432	1907.366	1912.791	1910.280		148933	209720
2017-02-03 11:05:00	1905.586	1905.599	1904.669	1905.338	1912.876	1910.258		164573	220756
2017-02-03 11:00:00	1906.812	1906.882	1905.534	1905.599	1912.985	1910.257		163265	230682
2017-02-03 10:55:00	1906.377	1907.180	1906.286	1906.733	1913.077	1910.252		170106	244423
2017-02-03 10:50:00	1907.737	1907.737	1906.264	1906.389	1913.173	1910.240		176590	262589
2017-02-03 10:45:00	1909.780	1909.780	1907.580	1907.637	1913.274	1910.239		203197	289334
2017-02-03 10:40:00	1908.896	1909.780	1908.738	1909.780	1913.366	1910.225		167989	317823
2017-02-03 10:35:00	1908.882	1908.882	1908.029	1908.874	1913.407	1910.182		216085	312243
2017-02-03 10:30:00	1911.716	1911.745	1908.838	1908.838	1913.460	1910.141		248429	312445
2017-02-03 10:25:00	1911.383	1912.031	1911.131	1911.799	1913.533	1910.076		199912	311821
2017-02-03 10:20:00	1912.020	1912.301	1911.360	1911.389	1913.546	1909.968		208816	327595
2017-02-03 10:15:00	1911.622	1912.167	1911.622	1912.081	1913.569	1909.867		214718	335847
2017-02-03 10:10:00	1910.127	1911.561	1909.169	1911.528	1913.598	1909.770		258112	339277
2017-02-03 10:05:00	1911.655	1911.684	1910.158	1910.264	1913.650	1909.666		307977	336780
2017-02-03 10:00:00	1913.773	1913.773	1911.666	1911.724	1913.759	1909.560		297103	330667
2017-02-03 09:55:00	1915.591	1915.845	1913.731	1913.758	1913.823	1909.442		314470	326107
2017-02-03 09:50:00	1915.196	1915.754	1915.139	1915.573	1913.846	1909.307		313462	318670
2017-02-03 09:45:00	1911.314	1915.183	1911.305	1915.156	1913.811	1909.157		369375	311964
2017-02-03 09:40:00	1913.594	1913.818	1911.366	1911.366	1913.776	1908.998		442593	298693
2017-02-03 09:35:00	1914.185	1914.185	1911.244	1913.627	1913.819	1908.856		577773	282088
2017-02-03 09:30:00	1919.410	1920.094	1914.322	1914.358	1913.787	1908.700		630528	253960
2017-02-03 09:25:00	1918.788	1919.021	1918.788	1919.021	1913.736	1908.535		84290	226456
2017-01-26 15:00:00	1917.317	1917.317	1917.317	1917.317	1913.574	1908.323		219113	230301
2017-01-26 14:55:00	1916.791	1917.077	1916.639	1917.077	1913.414	1908.104		239068	225240
2017-01-26 14:50:00	1916.234	1916.787	1916.070	1916.787	1913.206	1907.860		436526	220017
2017-01-26 14:45:00	1915.039	1916.171	1915.038	1916.171	1912.951	1907.642		332600	202296
2017-01-26 14:40:00	1914.852	1915.125	1914.841	1915.069	1912.701	1907.425		266159	189960
2017-01-26 14:35:00	1914.195	1914.871	1914.173	1914.871	1912.465			220667	180839
2017-01-26 14:30:00	1914.167	1914.562	1914.150	1914.231	1912.226			216283	173585
2017-01-26 14:25:00	1915.230	1915.230	1913.721	1914.082	1912.010			228695	166511
2017-01-26 14:20:00	1916.305	1916.558	1915.292	1915.292	1911.812			202922	157924
2017-01-26 14:15:00	1915.268	1916.368	1915.256	1916.368	1911.626			212863	150199
2017-01-26 14:10:00	1915.308	1915.348	1915.188	1915.348	1911.404			170313	144021
2017-01-26 14:05:00	1914.836	1915.286	1914.744	1915.233	1911.182			193524	132739
2017-01-26 14:00:00	1915.293	1915.339	1914.806	1914.862	1910.958			155847	119858
2017-01-26 13:55:00	1914.561	1915.375	1914.561	1915.318	1910.736			217968	117267
2017-01-26 13:50:00	1914.202	1914.587	1914.117	1914.585	1910.509			141960	110597
2017-01-26 13:45:00	1914.257	1914.338	1914.085	1914.243	1910.287			143198	110008
2017-01-26 13:40:00	1913.605	1914.294	1913.516	1914.261	1910.049			160731	110183
2017-01-26 13:35:00	1912.805	1913.626	1912.749	1913.613	1909.785			170714	108547
2017-01-26 13:30:00	1912.511	1912.849	1912.317	1912.849	1909.542			147549	106912
2017-01-26 13:25:00	1912.393	1912.493	1912.200	1912.455	1909.351			129347	107510
2017-01-26 13:20:00	1912.877	1913.015	1912.490	1912.502	1909.156			111860	110125
2017-01-26 13:15:00	1913.146	1913.260	1912.817	1912.970	1908.956			110169	114744
2017-01-26 13:10:00	1913.034	1913.216	1912.778	1913.174	1908.765			99889	119836
2017-01-26 13:05:00	1912.690	1912.994	1912.594	1912.994	1908.560			87050	125872
2017-01-26 13:00:00	1912.645	1912.896	1912.498	1912.723	1908.374			120203	134140
2017-01-26 12:55:00	1912.357	1912.357	1912.357	1912.357	1908.206			1083	140046
2017-01-26 11:30:00	1912.310	1912.310	1912.310	1912.310	1908.052			302	155282
2017-01-26 11:25:00	1911.656	1912.305	1911.593	1912.305	1907.910			116979	171961
2017-01-26 11:20:00	1910.861	1911.727	1910.814	1911.585	1907.769			117925	180786
2017-01-26 11:15:00	1910.165	1910.809	1910.020	1910.802	1907.641			133124	190230
2017-01-26 11:10:00	1911.513	1911.566	1910.182	1910.184	1907.528			145819	199573
2017-01-26 11:05:00	1911.403	1911.669	1911.270	1911.536	1907.428			136199	210003
2017-01-26 11:00:00	1912.177	1912.263	1911.427	1911.454	1907.308			146185	222951
2017-01-26 10:55:00	1911.873	1912.312	1911.833	1912.229	1907.204			156515	233930
2017-01-26 10:50:00	1911.508	1911.844	1911.223	1911.844	1907.084			168566	246821
2017-01-26 10:45:00	1912.490	1912.604	1911.509	1911.509	1906.957			181145	262890
2017-01-26 10:40:00	1912.436	1912.568	1912.170	1912.526	1906.822			186552	283841
2017-01-26 10:35:00	1912.524	1912.735	1912.334	1912.406	1906.618			190431	276526
2017-01-26 10:30:00	1913.569	1913.569	1912.357	1912.565	1906.391			211075	276089
2017-01-26 10:25:00	1914.032	1914.066	1913.297	1913.543	1906.165			208787	276484
2017-01-26 10:20:00	1915.711	1915.737	1913.978	1914.101	1905.941			229633	289292
2017-01-26 10:15:00	1914.933	1916.024	1914.832	1915.734	1905.683			250473	294512
2017-01-26 10:10:00	1914.837	1915.049	1914.405	1914.933	1905.361			249360	295941
2017-01-26 10:05:00	1913.770	1915.047	1913.770	1914.872	1905.061			259588	294710
2017-01-26 10:00:00	1913.314	1913.814	1913.106	1913.814	1904.768			273262	291398
2017-01-26 09:55:00	1913.534	1913.660	1913.272	1913.404	1904.503			302271	287356
2017-01-26 09:50:00	1912.018	1913.667	1911.982	1913.545	1904.221			330423	280580
2017-01-26 09:45:00	1911.936	1912.363	1911.830	1912.044	1903.892			310868	270307
2017-01-26 09:40:00	1911.006	1911.875	1910.826	1911.775	1903.612			349883	261463
2017-01-26 09:35:00	1909.383	1911.084	1909.383	1910.913	1903.334			409596	249392
2017-01-26 09:30:00	1907.754	1909.339	1907.754	1909.339	1903.073			495414	234489
2017-01-26 09:25:00	1906.688	1906.688	1906.653	1906.653	1902.795			76824	211763
2017-01-25 15:00:00	1904.036	1904.036	1904.036	1904.036	1902.515			183875	219345
2017-01-25 14:55:00	1903.318	1903.680	1903.237	1903.674	1902.333			217004	219232
2017-01-25 14:50:00	1902.798	1903.343	1902.737	1903.273	1902.148			400909	215402
2017-01-25 14:45:00	1903.416	1903.642	1902.767	1902.921				307933	199102
2017-01-25 14:40:00	1904.211	1904.222	1903.339	1903.424				271908	189231
2017-01-25 14:35:00	1905.934	1906.029	1904.217	1904.217				230894	181566
2017-01-25 14:30:00	1905.268	1906.123	1905.178	1905.960				209912	176422
2017-01-25 14:25:00	1904.281	1905.369	1904.261	1905.271				212624	171831
2017-01-25 14:20:00	1904.066	1904.273	1903.831	1904.271				200630	167083
2017-01-25 14:15:00	1903.706	1904.067	1903.534	1904.035				176325	162480
2017-01-25 14:10:00	1903.992	1904.044	1903.590	1903.771				178219	160743
2017-01-25 14:05:00	1903.395	1904.085	1903.371	1903.969				168812	148950
2017-01-25 14:00:00	1902.251	1903.471	1902.251	1903.471				186054	137711
2017-01-25 13:55:00	1901.110	1902.315	1901.098	1902.315				154518	135765
2017-01-25 13:50:00	1901.473	1901.473	1900.614	1901.069				190551	136464
2017-01-25 13:45:00	1903.245	1903.375	1901.498	1901.498				182191	135375
2017-01-25 13:40:00	1902.722	1903.470	1902.722	1903.268				159549	135632
2017-01-25 13:35:00	1902.498	1902.794	1902.391	1902.719				156413	136435
2017-01-25 13:30:00	1903.393	1903.450	1902.485	1902.485				159862	138204
2017-01-25 13:25:00	1902.920	1903.507	1902.822	1903.436				156942	140858
2017-01-25 13:20:00	1903.624	1903.684	1902.872	1902.927				153721	142558
2017-01-25 13:15:00	1904.367	1904.500	1903.662	1903.662				141054	144547
2017-01-25 13:10:00	1904.621	1904.641	1904.341	1904.365				141411	147685
2017-01-25 13:05:00	1905.164	1905.229	1904.545	1904.660				131577	151662
2017-01-25 13:00:00	1905.444	1905.609	1905.091	1905.167				150278	156733
2017-01-25 12:55:00	1905.254	1905.254	1905.254	1905.254				1314	161340
2017-01-25 11:30:00	1905.191	1905.191	1905.191	1905.191				227	176018
2017-01-25 11:25:00	1905.225	1905.266	1904.792	1905.181				156869	190673
2017-01-25 11:20:00	1905.573	1905.644	1905.136	1905.193				164995	197774
2017-01-25 11:15:00	1906.130	1906.254	1905.529	1905.529				174220	204490
2017-01-25 11:10:00	1906.148	1907.067	1906.148	1906.235				186046	210945
2017-01-25 11:05:00	1905.531	1906.425	1905.531	1906.221				171603	217776
2017-01-25 11:00:00	1904.849	1905.572	1904.849	1905.494				182945	226741
2017-01-25 10:55:00	1902.440	1904.817	1902.440	1904.748				199671	238836
2017-01-25 10:50:00	1901.115	1902.442	1901.115	1902.337				182439	251399
2017-01-25 10:45:00	1901.349	1901.750	1901.073	1901.073				183551	271330
2017-01-25 10:40:00	1902.300	1902.300	1901.181	1901.266				188128	303195
2017-01-25 10:35:00	1901.275	1902.339	1901.275	1902.339				201064	297947
2017-01-25 10:30:00	1899.530	1901.281	1899.530	1901.193				207644	
2017-01-25 10:25:00	1899.939	1900.136	1899.427	1899.624				219390	
2017-01-25 10:20:00	1900.294	1900.367	1899.785	1899.925				221483	
2017-01-25 10:15:00	1900.636	1900.721	1900.171	1900.251				220054	
2017-01-25 10:10:00	1899.299	1900.754	1899.283	1900.575				263376	
2017-01-25 10:05:00	1897.080	1899.268	1896.987	1899.263				265730	
2017-01-25 10:00:00	1897.988	1897.988	1897.046	1897.132				271052	
2017-01-25 09:55:00	1897.875	1898.728	1897.798	1898.024				288505	
2017-01-25 09:50:00	1897.834	1898.037	1897.561	1897.879				306079	
2017-01-25 09:45:00	1895.517	1897.913	1895.509	1897.839				364368	
2017-01-25 09:40:00	1892.702	1895.473	1892.638	1895.460				388126	
2017-01-25 09:35:00	1894.903	1895.074	1892.302	1892.665				481402	
2017-01-25 09:30:00	1893.831	1895.004	1892.974	1894.953				661528	
2017-01-25 09:25:00	1894.242	1894.422	1894.242	1894.422				109411	
