Date	Open	High	Low	Close	SMAVG (50)  on Close	SMAVG (100)  on Close	SMAVG (200)  on Close	Volume	SMAVG (15)
2017-11-30 15:00:00	1901.855	1901.855	1901.855	1901.855	1910.838	1909.739	1907.406	0	0
2017-11-30 14:55:00	1901.216	1901.765	1901.103	1901.756	1910.951	1909.866	1907.411	0	0
2017-11-30 14:50:00	1901.953	1902.768	1901.172	1901.172	1911.166	1910.013	1907.445	0	0
2017-11-30 14:45:00	1901.375	1901.910	1900.625	1901.897	1911.523	1910.205	1907.477	0	0
2017-11-30 14:40:00	1899.933	1901.735	1899.933	1901.385	1911.866	1910.377	1907.507	0	0
2017-11-30 14:35:00	1900.117	1900.140	1896.538	1899.766	1912.219	1910.546	1907.515	0	0
2017-11-30 14:30:00	1898.776	1900.627	1898.582	1900.228	1912.618	1910.727	1907.565	0	0
2017-11-30 14:25:00	1902.670	1902.670	1898.515	1898.785	1912.965	1910.892	1907.609	0	0
2017-11-30 14:20:00	1904.447	1904.897	1902.778	1902.789	1913.313	1911.065	1907.705	0	0
2017-11-30 14:15:00	1902.017	1904.431	1902.017	1904.408	1913.582	1911.185	1907.805	0	0
2017-11-30 14:10:00	1903.422	1903.439	1900.651	1901.719	1913.877	1911.265	1907.896	0	0
2017-11-30 14:05:00	1902.501	1903.826	1902.394	1903.557	1914.239	1911.367	1907.994	0	0
2017-11-30 14:00:00	1906.811	1906.811	1901.849	1902.505	1914.569	1911.418	1908.086	0	0
2017-11-30 13:55:00	1906.143	1906.969	1906.097	1906.964	1914.804	1911.469	1908.190	0	0
2017-11-30 13:50:00	1908.244	1908.299	1906.058	1906.113	1914.933	1911.473	1908.279	0	0
2017-11-30 13:45:00	1907.877	1908.271	1906.301	1908.229	1915.061	1911.514	1908.375	0	0
2017-11-30 13:40:00	1910.040	1910.486	1908.033	1908.043	1915.195	1911.535	1908.471	0	0
2017-11-30 13:35:00	1910.528	1910.791	1909.781	1909.937	1915.290	1911.576	1908.567	0	0
2017-11-30 13:30:00	1911.527	1911.804	1909.449	1910.442	1915.287	1911.598	1908.655	0	0
2017-11-30 13:25:00	1916.766	1916.837	1911.515	1911.561	1915.226	1911.567	1908.739	0	0
2017-11-30 13:20:00	1917.388	1917.762	1916.784	1916.802	1915.096	1911.521	1908.821	0	0
2017-11-30 13:15:00	1915.444	1917.571	1915.444	1917.412	1914.797	1911.432	1908.882	0	0
2017-11-30 13:10:00	1915.377	1915.475	1914.557	1915.475	1914.441	1911.293	1908.906	0	0
2017-11-30 13:05:00	1914.891	1915.431	1914.713	1915.278	1914.162	1911.168	1908.938	0	0
2017-11-30 13:00:00	1915.753	1916.202	1914.847	1914.847	1913.899	1911.042	1908.954	0	0
2017-11-30 12:55:00	1915.441	1915.441	1915.441	1915.441	1913.656	1910.874	1908.971	0	0
2017-11-30 11:30:00	1915.412	1915.412	1915.412	1915.412	1913.387	1910.693	1908.979	0	0
2017-11-30 11:25:00	1914.304	1915.408	1914.258	1915.408	1913.119	1910.479	1908.986	0	0
2017-11-30 11:20:00	1913.220	1914.361	1912.932	1914.298	1912.873	1910.279	1908.998	0	0
2017-11-30 11:15:00	1914.428	1914.428	1912.792	1913.175	1912.647	1910.102	1909.011	0	0
2017-11-30 11:10:00	1915.577	1915.577	1914.488	1914.490	1912.444	1909.933	1909.019	0	0
2017-11-30 11:05:00	1917.177	1917.186	1915.474	1915.585	1912.156	1909.750	1909.020	0	0
2017-11-30 11:00:00	1917.686	1917.686	1917.067	1917.189	1911.802	1909.557	1909.029	0	0
2017-11-30 10:55:00	1916.098	1918.074	1916.098	1917.686	1911.448	1909.352	1909.021	0	0
2017-11-30 10:50:00	1914.671	1916.113	1914.615	1916.113	1911.095	1909.128	1909.008	0	0
2017-11-30 10:45:00	1913.832	1914.638	1912.967	1914.638	1910.723	1908.924	1909.002	0	0
2017-11-30 10:40:00	1915.199	1915.260	1913.883	1913.941	1910.425	1908.752	1909.003	0	0
2017-11-30 10:35:00	1914.567	1915.763	1914.519	1915.280	1910.153	1908.606	1909.010	0	0
2017-11-30 10:30:00	1914.420	1914.420	1913.401	1914.418	1909.962	1908.413	1909.020	0	0
2017-11-30 10:25:00	1915.849	1916.250	1914.458	1914.466	1909.831	1908.232	1909.044	0	0
2017-11-30 10:20:00	1917.929	1917.929	1915.769	1915.842	1909.670	1908.061	1909.079	0	0
2017-11-30 10:15:00	1916.453	1918.132	1916.445	1917.874	1909.521	1907.862	1909.116	0	0
2017-11-30 10:10:00	1915.563	1916.332	1915.085	1916.332	1909.331	1907.623	1909.122	0	0
2017-11-30 10:05:00	1917.584	1917.668	1915.223	1915.605	1909.159	1907.415	1909.124	0	0
2017-11-30 10:00:00	1918.840	1918.944	1917.616	1917.684	1908.939	1907.242	1909.116	0	0
2017-11-30 09:55:00	1915.024	1918.874	1914.902	1918.874	1908.765	1907.035	1909.086	0	0
2017-11-30 09:50:00	1911.972	1914.885	1911.972	1914.885	1908.595	1906.846	1909.066	0	0
2017-11-30 09:45:00	1910.565	1911.997	1909.844	1911.997	1908.542	1906.710	1909.076	0	0
2017-11-30 09:40:00	1911.893	1912.689	1910.617	1910.617	1908.578	1906.627	1909.105	0	0
2017-11-30 09:35:00	1907.321	1911.921	1905.094	1911.747	1908.599	1906.548	1909.133	0	0
2017-11-30 09:30:00	1911.384	1911.384	1907.464	1907.464	1908.639	1906.488	1909.169	0	0
2017-11-30 09:25:00	1912.667	1912.667	1912.510	1912.510	1908.782	1906.489	1909.236	0	0
2017-11-29 15:00:00	1919.059	1919.059	1919.059	1919.059	1908.860	1906.392	1909.256	0	0
2017-11-29 14:55:00	1918.946	1919.068	1918.849	1919.028	1908.886	1906.217	1909.232	0	0
2017-11-29 14:50:00	1919.727	1919.807	1919.020	1919.035	1908.887	1905.991	1909.222	0	0
2017-11-29 14:45:00	1917.621	1919.801	1917.621	1919.701	1908.873	1905.771	1909.244	0	0
2017-11-29 14:40:00	1916.155	1917.660	1916.155	1917.583	1908.835	1905.477	1909.283	0	0
2017-11-29 14:35:00	1916.295	1916.345	1915.761	1916.176	1908.820	1905.229	1909.352	0	0
2017-11-29 14:30:00	1919.112	1919.113	1916.276	1916.276	1908.816	1904.995	1909.363	0	0
2017-11-29 14:25:00	1919.871	1920.094	1919.119	1919.119	1908.787	1904.757	1909.384	0	0
2017-11-29 14:20:00	1920.080	1920.945	1919.719	1919.844	1908.654	1904.472	1909.375	0	0
2017-11-29 14:15:00	1914.221	1920.033	1914.173	1920.033	1908.496	1904.196	1909.399	0	0
2017-11-29 14:10:00	1913.430	1914.262	1913.035	1914.260	1908.268	1903.958	1909.425	0	0
2017-11-29 14:05:00	1912.554	1913.466	1912.523	1913.422	1908.133	1903.781	1909.484	0	0
2017-11-29 14:00:00	1914.959	1915.068	1912.377	1912.511	1908.014	1903.668	1909.540	0	0
2017-11-29 13:55:00	1912.763	1915.007	1912.763	1914.955	1907.967	1903.543	1909.659	0	0
2017-11-29 13:50:00	1909.636	1912.761	1909.636	1912.761	1907.875	1903.434	1909.733	0	0
2017-11-29 13:45:00	1907.359	1909.801	1906.860	1909.801	1907.862	1903.315	1909.876	0	0
2017-11-29 13:40:00	1905.172	1907.487	1905.172	1907.411	1907.908	1903.222	1910.031	0	0
2017-11-29 13:35:00	1901.887	1905.064	1901.887	1905.064	1907.908	1903.169	1910.242	0	0
2017-11-29 13:30:00	1899.619	1901.906	1899.516	1901.848	1907.946	1903.157	1910.454	0	0
2017-11-29 13:25:00	1901.569	1901.772	1899.257	1899.571	1908.066	1903.196	1910.700	0	0
2017-11-29 13:20:00	1902.192	1902.192	1901.158	1901.534	1908.145	1903.279	1910.974	0	0
2017-11-29 13:15:00	1902.694	1903.271	1902.139	1902.139	1908.173	1903.336	1911.233	0	0
2017-11-29 13:10:00	1901.927	1902.680	1901.593	1902.680	1908.184	1903.417	1911.499	0	0
2017-11-29 13:05:00	1902.026	1902.204	1901.593	1902.034	1908.092	1903.470	1911.737	0	0
2017-11-29 13:00:00	1903.394	1903.982	1901.998	1901.998	1907.999	1903.566	1911.977	0	0
2017-11-29 12:55:00	1903.083	1903.083	1903.083	1903.083	1907.839	1903.672	1912.198	0	0
2017-11-29 11:30:00	1903.041	1903.041	1903.041	1903.041	1907.685	1903.772	1912.422	0	0
2017-11-29 11:25:00	1900.109	1903.022	1900.109	1903.022	1907.557	1903.852	1912.658	0	0
2017-11-29 11:20:00	1897.860	1900.057	1896.659	1900.057	1907.422	1903.934	1912.902	0	0
2017-11-29 11:15:00	1899.636	1899.716	1897.902	1897.902	1907.345	1904.057	1913.172	0	0
2017-11-29 11:10:00	1900.081	1900.094	1899.461	1899.461	1907.312	1904.203	1913.439	0	0
2017-11-29 11:05:00	1897.605	1900.205	1897.119	1900.045	1907.256	1904.333	1913.692	0	0
2017-11-29 11:00:00	1899.576	1899.576	1894.525	1897.507	1907.161	1904.457	1913.927	0	0
2017-11-29 10:55:00	1900.437	1901.268	1899.706	1899.736	1907.126	1904.610	1914.165	0	0
2017-11-29 10:50:00	1905.788	1905.788	1900.370	1900.370	1907.079	1904.730	1914.409	0	0
2017-11-29 10:45:00	1907.945	1908.484	1905.742	1905.742	1907.060	1904.823	1914.651	0	0
2017-11-29 10:40:00	1906.392	1907.869	1905.469	1907.837	1906.864	1904.886	1914.865	0	0
2017-11-29 10:35:00	1908.421	1908.843	1906.427	1906.427	1906.632	1904.938	1915.088	0	0
2017-11-29 10:30:00	1908.288	1908.409	1907.149	1908.409	1906.452	1905.018	1915.322	0	0
2017-11-29 10:25:00	1907.864	1908.896	1907.766	1908.346	1906.202	1905.097	1915.562	0	0
2017-11-29 10:20:00	1904.647	1907.827	1903.706	1907.729	1905.915	1905.167	1915.819	0	0
2017-11-29 10:15:00	1908.986	1908.986	1904.574	1904.625	1905.672	1905.186	1916.082	0	0
2017-11-29 10:10:00	1910.377	1910.760	1908.995	1908.995	1905.544	1905.245	1916.382	0	0
2017-11-29 10:05:00	1912.206	1912.206	1909.450	1910.340	1905.305	1905.251	1916.667	0	0
2017-11-29 10:00:00	1913.877	1914.586	1912.190	1912.236	1905.098	1905.259	1916.930	0	0
2017-11-29 09:55:00	1911.712	1913.799	1911.332	1913.799	1904.877	1905.247	1917.190	0	0
2017-11-29 09:50:00	1913.724	1913.724	1909.785	1911.680	1904.677	1905.186	1917.455	0	0
2017-11-29 09:45:00	1914.528	1915.458	1913.736	1913.736	1904.497	1905.134	1917.740	0	0
2017-11-29 09:40:00	1916.213	1916.260	1914.246	1914.608	1904.337	1905.073	1918.016	0	0
2017-11-29 09:35:00	1920.375	1920.471	1916.402	1916.431	1904.196	1904.956	1918.278	0	0
2017-11-29 09:30:00	1918.941	1920.368	1916.985	1920.368	1903.924	1904.877	1918.533	0	0
2017-11-29 09:25:00	1918.840	1919.070	1918.840	1919.070	1903.549	1904.748	1918.759	0	0
2017-11-28 15:00:00	1918.319	1918.319	1918.319	1918.319	1903.095	1904.638	1918.997	0	0
2017-11-28 14:55:00	1916.903	1917.837	1916.903	1917.837	1902.669	1904.485	1919.240	0	0
2017-11-28 14:50:00	1915.918	1916.875	1915.918	1916.811	1902.118	1904.403	1919.471	0	0
2017-11-28 14:45:00	1914.849	1916.060	1914.753	1915.995	1901.638	1904.325	1919.721	0	0
2017-11-28 14:40:00	1912.475	1914.849	1912.321	1914.828	1901.173	1904.345	1919.980	0	0
2017-11-28 14:35:00	1911.895	1912.482	1911.893	1912.431	1900.727	1904.424	1920.237	0	0
2017-11-28 14:30:00	1908.628	1911.983	1908.628	1911.943	1900.290	1904.527	1920.486	0	0
2017-11-28 14:25:00	1907.552	1908.647	1907.551	1908.637	1899.897	1904.620	1920.779	0	0
2017-11-28 14:20:00	1907.511	1908.267	1907.435	1907.542	1899.647	1904.753	1921.116	0	0
2017-11-28 14:15:00	1910.159	1910.159	1907.185	1907.444	1899.429	1904.912	1921.490	0	0
2017-11-28 14:10:00	1910.319	1910.430	1910.037	1910.174	1899.322	1905.084	1921.861	0	0
2017-11-28 14:05:00	1912.070	1912.070	1910.247	1910.344	1899.118	1905.237	1922.213	0	0
2017-11-28 14:00:00	1912.121	1912.550	1912.005	1912.119	1898.994	1905.407	1922.561	0	0
2017-11-28 13:55:00	1907.437	1912.100	1907.437	1912.100	1898.768	1905.558	1922.890	0	0
2017-11-28 13:50:00	1906.858	1907.423	1906.156	1907.423	1898.536	1905.712	1923.213	0	0
2017-11-28 13:45:00	1907.950	1908.038	1906.715	1906.937	1898.429	1905.911	1923.566	0	0
2017-11-28 13:40:00	1903.539	1907.974	1903.527	1907.874	1898.368	1906.121	1923.904	0	0
2017-11-28 13:35:00	1902.915	1903.525	1902.691	1903.493	1898.325	1906.331	1924.226	0	0
2017-11-28 13:30:00	1902.802	1903.830	1902.717	1902.967	1898.413	1906.520	1924.563	0	0
2017-11-28 13:25:00	1898.139	1902.679	1898.119	1902.679	1898.498	1906.708	1924.881	0	0
2017-11-28 13:20:00	1897.371	1898.069	1897.368	1898.069	1898.650	1906.867	1925.226	0	0
2017-11-28 13:15:00	1893.912	1897.494	1893.831	1897.387	1898.848	1907.068	1925.610	0	0
2017-11-28 13:10:00	1895.328	1895.328	1893.903	1893.986	1899.134	1907.264	1925.973	0	0
2017-11-28 13:05:00	1896.655	1897.072	1895.294	1895.383	1899.505	1907.494	1926.373	0	0
2017-11-28 13:00:00	1896.290	1896.719	1896.221	1896.624	1899.859	1907.717	1926.764	0	0
2017-11-28 12:55:00	1896.276	1896.276	1896.276	1896.276	1900.148	1907.921	1927.185	0	0
2017-11-28 11:30:00	1896.234	1896.234	1896.234	1896.234	1900.446	1908.105	1927.614	0	0
2017-11-28 11:25:00	1896.723	1896.850	1895.973	1896.241	1900.770	1908.290	1928.052	0	0
2017-11-28 11:20:00	1895.617	1897.112	1895.518	1896.680	1901.095	1908.501	1928.495	0	0
2017-11-28 11:15:00	1895.685	1895.917	1895.022	1895.293	1901.410	1908.690	1928.936	0	0
2017-11-28 11:10:00	1897.388	1897.427	1895.563	1895.728	1901.753	1908.887	1929.371	0	0
2017-11-28 11:05:00	1899.441	1899.525	1897.408	1897.408	1902.095	1909.080	1929.815	0	0
2017-11-28 11:00:00	1895.946	1899.628	1895.946	1899.399	1902.382	1909.255	1930.257	0	0
2017-11-28 10:55:00	1896.206	1896.519	1895.565	1895.966	1902.586	1909.414	1930.685	0	0
2017-11-28 10:50:00	1897.364	1897.491	1896.141	1896.252	1902.909	1909.627	1931.126	0	0
2017-11-28 10:45:00	1895.898	1897.770	1895.898	1897.413	1903.244	1909.856	1931.566	0	0
2017-11-28 10:40:00	1893.856	1896.005	1893.856	1895.919	1903.585	1910.097	1932.001	0	0
2017-11-28 10:35:00	1895.494	1895.494	1893.603	1893.999	1903.991	1910.370	1932.444	0	0
2017-11-28 10:30:00	1898.171	1898.448	1895.563	1895.563	1904.419	1910.621	1932.906	0	0
2017-11-28 10:25:00	1896.972	1898.305	1896.530	1898.237	1904.700	1910.833	1933.374	0	0
2017-11-28 10:20:00	1899.887	1899.960	1896.163	1897.026	1904.946	1910.991	1933.826	0	0
2017-11-28 10:15:00	1901.062	1901.164	1899.805	1899.974	1905.196	1911.137	1934.299	0	0
2017-11-28 10:10:00	1903.685	1903.685	1900.688	1901.221	1905.419	1911.286	1934.756	0	0
2017-11-28 10:05:00	1902.640	1903.849	1902.083	1903.773	1905.617	1911.442	1935.207	0	0
2017-11-28 10:00:00	1905.706	1905.706	1902.711	1902.711	1905.695	1911.582	1935.657	0	0
2017-11-28 09:55:00	1907.541	1907.582	1905.492	1905.717	1905.770	1911.718	1936.123	0	0
2017-11-28 09:50:00	1902.902	1907.738	1902.902	1907.530	1905.808	1911.851	1936.571	0	0
2017-11-28 09:45:00	1901.527	1902.866	1901.386	1902.866	1905.716	1911.984	1937.017	0	0
2017-11-28 09:40:00	1896.323	1901.589	1896.323	1901.589	1905.829	1912.120	1937.471	0	0
2017-11-28 09:35:00	1897.075	1898.736	1896.370	1896.370	1905.948	1912.246	1937.929	0	0
2017-11-28 09:30:00	1891.009	1897.071	1890.953	1897.044	1906.182	1912.453	1938.423	0	0
2017-11-28 09:25:00	1890.190	1890.275	1890.190	1890.275	1906.301	1912.718	1938.904	0	0
2017-11-27 15:00:00	1892.823	1892.823	1892.823	1892.823	1906.688	1913.089	1939.404	0	0
2017-11-27 14:55:00	1892.529	1892.770	1892.440	1892.755	1907.012	1913.474	1939.862	0	0
2017-11-27 14:50:00	1890.589	1892.515	1890.589	1892.515	1907.518	1913.731	1940.329	0	0
2017-11-27 14:45:00	1892.335	1893.034	1890.427	1890.555	1908.122	1914.010	1940.790	0	0
2017-11-27 14:40:00	1896.059	1896.059	1891.967	1892.324	1908.765	1914.279	1941.259	0	0
2017-11-27 14:35:00	1896.498	1896.913	1895.603	1896.138	1909.343	1914.601	1941.731	0	0
2017-11-27 14:30:00	1902.054	1902.054	1896.616	1896.616	1909.859	1914.893	1942.181	0	0
2017-11-27 14:25:00	1899.923	1902.097	1899.923	1902.087	1910.396	1915.188	1942.646	0	0
2017-11-27 14:20:00	1904.108	1904.108	1900.016	1900.016	1910.847	1915.412	1943.070	0	0
2017-11-27 14:15:00	1900.919	1904.755	1900.901	1904.117	1911.355	1915.775	1943.508	0	0
2017-11-27 14:10:00	1900.683	1901.650	1900.548	1900.843	1911.820	1916.032	1943.922	0	0
2017-11-27 14:05:00	1901.941	1901.998	1898.347	1900.483	1912.349	1916.436	1944.347	0	0
2017-11-27 14:00:00	1903.901	1904.888	1902.073	1902.073	1912.888	1916.841	1944.768	0	0
2017-11-27 13:55:00	1905.708	1905.797	1902.653	1903.882	1913.392	1917.315	1945.172	0	0
2017-11-27 13:50:00	1907.957	1908.147	1905.699	1905.735	1913.874	1917.752	1945.568	0	0
2017-11-27 13:45:00	1907.143	1908.180	1906.572	1907.895	1914.338	1918.204	1945.954	0	0
2017-11-27 13:40:00	1910.224	1910.276	1907.199	1907.199	1914.627	1918.668	1946.321	0	0
2017-11-27 13:35:00	1908.185	1910.581	1908.094	1910.286	1914.919	1919.130	1946.669	0	0
2017-11-27 13:30:00	1911.586	1911.637	1907.872	1907.956	1915.084	1919.581	1947.010	0	0
2017-11-27 13:25:00	1912.610	1912.680	1911.596	1911.691	1915.289	1920.005	1947.369	0	0
2017-11-27 13:20:00	1913.051	1913.164	1912.431	1912.571	1915.395	1920.388	1947.718	0	0
2017-11-27 13:15:00	1911.148	1913.255	1911.148	1913.064	1915.483	1920.724	1948.051	0	0
2017-11-27 13:10:00	1911.205	1911.205	1910.507	1911.049	1915.575	1921.072	1948.366	0	0
2017-11-27 13:05:00	1912.390	1912.409	1911.159	1911.212	1915.694	1921.463	1948.700	0	0
2017-11-27 13:00:00	1912.611	1912.799	1912.202	1912.418	1915.764	1921.869	1949.026	0	0
2017-11-27 12:55:00	1912.486	1912.486	1912.486	1912.486	1915.811	1922.287	1949.329	0	0
2017-11-27 11:30:00	1912.453	1912.453	1912.453	1912.453	1915.908	1922.674	1949.639	0	0
2017-11-27 11:25:00	1912.814	1913.110	1912.354	1912.452	1915.969	1923.050	1949.958	0	0
2017-11-27 11:20:00	1911.771	1912.876	1911.592	1912.819	1916.021	1923.397	1950.274	0	0
2017-11-27 11:15:00	1909.460	1911.816	1909.049	1911.730	1916.064	1923.719	1950.582	0	0
2017-11-27 11:10:00	1912.244	1912.244	1909.610	1909.610	1916.128	1924.087	1950.906	0	0
2017-11-27 11:05:00	1913.012	1913.040	1912.096	1912.103	1916.243	1924.478	1951.239	0	0
2017-11-27 11:00:00	1914.509	1914.903	1912.982	1913.020	1916.345	1924.844	1951.549	0	0
2017-11-27 10:55:00	1916.152	1916.152	1914.432	1914.441	1916.469	1925.238	1951.851	0	0
2017-11-27 10:50:00	1915.491	1916.982	1915.484	1916.222	1916.609	1925.626	1952.142	0	0
2017-11-27 10:45:00	1909.842	1915.407	1909.687	1915.407	1916.750	1926.027	1952.423	0	0
2017-11-27 10:40:00	1910.582	1910.991	1908.268	1909.637	1916.824	1926.470	1952.709	0	0
2017-11-27 10:35:00	1909.643	1910.697	1909.604	1910.540	1916.965	1926.978	1953.015	0	0
2017-11-27 10:30:00	1911.131	1911.131	1909.297	1909.531	1917.035	1927.519	1953.308	0	0
2017-11-27 10:25:00	1911.150	1911.936	1911.071	1911.123	1917.078	1928.083	1953.603	0	0
2017-11-27 10:20:00	1907.635	1911.108	1907.635	1911.108	1917.153	1928.602	1953.910	0	0
2017-11-27 10:15:00	1906.408	1907.647	1904.766	1907.647	1917.267	1929.134	1954.240	0	0
2017-11-27 10:10:00	1907.706	1908.068	1906.425	1906.456	1917.469	1929.724	1954.593	0	0
2017-11-27 10:05:00	1902.954	1907.763	1902.202	1907.656	1917.667	1930.346	1954.947	0	0
2017-11-27 10:00:00	1908.581	1908.581	1902.888	1902.910	1917.893	1930.959	1955.292	0	0
2017-11-27 09:55:00	1907.461	1908.688	1906.874	1908.514	1918.253	1931.600	1955.681	0	0
2017-11-27 09:50:00	1908.038	1909.581	1907.536	1907.558	1918.411	1932.190	1956.053	0	0
2017-11-27 09:45:00	1902.903	1908.605	1901.714	1908.063	1918.544	1932.770	1956.425	0	0
2017-11-27 09:40:00	1909.702	1910.534	1902.975	1902.975	1918.723	1933.356	1956.779	0	0
2017-11-27 09:35:00	1908.558	1909.681	1905.503	1909.645	1919.134	1933.995	1957.169	0	0
2017-11-27 09:30:00	1917.331	1917.331	1909.005	1909.005	1919.491	1934.538	1957.546	0	0
2017-11-27 09:25:00	1918.192	1918.192	1918.050	1918.050	1919.936	1935.118	1957.932	0	0
2017-11-24 15:00:00	1922.720	1922.720	1922.720	1922.720	1919.943	1935.615	1958.272	0	0
2017-11-24 14:55:00	1921.281	1922.692	1921.281	1922.692	1919.899	1936.050	1958.601	0	0
2017-11-24 14:50:00	1921.973	1921.980	1921.049	1921.244	1919.794	1936.445	1958.912	0	0
2017-11-24 14:45:00	1923.415	1923.495	1921.161	1921.955	1919.858	1936.938	1959.222	0	0
2017-11-24 14:40:00	1924.550	1924.713	1923.447	1923.447	1919.927	1937.479	1959.515	0	0
2017-11-24 14:35:00	1925.324	1925.324	1923.664	1924.636	1919.980	1938.067	1959.783	0	0
2017-11-24 14:30:00	1927.411	1927.711	1925.414	1925.414	1919.977	1938.637	1960.033	0	0
2017-11-24 14:25:00	1927.255	1927.594	1927.184	1927.396	1920.195	1939.189	1960.266	0	0
2017-11-24 14:20:00	1927.410	1927.417	1926.268	1927.251	1920.245	1939.715	1960.473	0	0
2017-11-24 14:15:00	1927.320	1928.333	1927.161	1927.454	1920.524	1940.221	1960.696	0	0
2017-11-24 14:10:00	1927.900	1928.623	1927.297	1927.297	1920.793	1940.715	1960.916	0	0
2017-11-24 14:05:00	1929.018	1929.836	1927.840	1927.974	1921.238	1941.222	1961.130	0	0
2017-11-24 14:00:00	1922.321	1929.037	1922.272	1928.911	1921.630	1941.687	1961.332	0	0
2017-11-24 13:55:00	1921.851	1923.073	1921.851	1922.364	1922.071	1942.121	1961.524	0	0
2017-11-24 13:50:00	1918.550	1921.792	1918.550	1921.792	1922.709	1942.605	1961.724	0	0
2017-11-24 13:45:00	1918.304	1918.518	1917.359	1918.518	1923.340	1943.053	1961.920	0	0
2017-11-24 13:40:00	1917.037	1918.525	1917.037	1918.236	1924.078	1943.585	1962.134	0	0
2017-11-24 13:35:00	1916.970	1916.977	1915.625	1916.977	1924.720	1944.151	1962.341	0	0
2017-11-24 13:30:00	1917.638	1917.638	1916.932	1916.948	1925.381	1944.682	1962.548	0	0
2017-11-24 13:25:00	1917.036	1918.622	1917.031	1917.669	1925.966	1945.252	1962.758	0	0
2017-11-24 13:20:00	1914.784	1917.000	1914.719	1917.000	1926.570	1945.811	1962.937	0	0
2017-11-24 13:15:00	1914.677	1914.746	1912.945	1914.746	1927.233	1946.449	1963.107	0	0
2017-11-24 13:10:00	1917.236	1917.302	1914.734	1914.734	1927.974	1947.122	1963.293	0	0
2017-11-24 13:05:00	1915.590	1917.787	1915.528	1917.325	1928.764	1947.813	1963.477	0	0
2017-11-24 13:00:00	1914.892	1915.688	1914.572	1915.534	1929.440	1948.490	1963.632	0	0
2017-11-24 12:55:00	1915.060	1915.060	1915.060	1915.060	1930.130	1949.182	1963.787	0	0
2017-11-24 11:30:00	1914.950	1914.950	1914.950	1914.950	1930.773	1949.855	1963.937	0	0
2017-11-24 11:25:00	1915.449	1915.449	1914.766	1914.936	1931.373	1950.549	1964.070	0	0
2017-11-24 11:20:00	1917.205	1917.205	1914.965	1915.352	1932.047	1951.259	1964.200	0	0
2017-11-24 11:15:00	1919.188	1919.188	1917.207	1917.207	1932.713	1951.955	1964.326	0	0
2017-11-24 11:10:00	1921.420	1921.420	1919.115	1919.198	1933.343	1952.626	1964.450	0	0
2017-11-24 11:05:00	1923.352	1923.352	1921.459	1921.481	1934.008	1953.276	1964.576	0	0
2017-11-24 11:00:00	1919.138	1923.349	1919.138	1923.240	1934.642	1953.904	1964.694	0	0
2017-11-24 10:55:00	1916.910	1919.381	1916.910	1919.129	1935.304	1954.518	1964.800	0	0
2017-11-24 10:50:00	1914.096	1916.665	1913.812	1916.665	1936.117	1955.191	1964.928	0	0
2017-11-24 10:45:00	1911.815	1914.506	1911.815	1914.072	1936.992	1955.915	1965.068	0	0
2017-11-24 10:40:00	1914.919	1914.919	1910.271	1911.683	1938.003	1956.660	1965.222	0	0
2017-11-24 10:35:00	1916.815	1916.815	1914.240	1914.867	1939.087	1957.461	1965.385	0	0
2017-11-24 10:30:00	1917.831	1917.882	1916.658	1916.802	1940.050	1958.225	1965.522	0	0
2017-11-24 10:25:00	1916.332	1917.824	1915.290	1917.758	1941.000	1958.973	1965.646	0	0
2017-11-24 10:20:00	1918.902	1919.002	1915.944	1916.313	1941.979	1959.732	1965.771	0	0
2017-11-24 10:15:00	1920.895	1920.951	1918.983	1918.983	1943.026	1960.527	1965.911	0	0
2017-11-24 10:10:00	1916.394	1920.976	1916.277	1920.896	1944.026	1961.290	1966.046	0	0
2017-11-24 10:05:00	1913.995	1916.540	1912.352	1916.423	1944.946	1962.050	1966.185	0	0
2017-11-24 10:00:00	1917.105	1918.750	1914.193	1914.193	1945.969	1962.822	1966.342	0	0
2017-11-24 09:55:00	1923.299	1924.121	1916.650	1917.050	1946.996	1963.611	1966.484	0	0
2017-11-24 09:50:00	1927.326	1927.326	1922.308	1923.521	1947.990	1964.393	1966.613	0	0
2017-11-24 09:45:00	1931.335	1931.755	1927.412	1927.460	1948.857	1965.090	1966.687	0	0
2017-11-24 09:40:00	1918.767	1931.335	1918.767	1931.296	1949.586	1965.718	1966.710	0	0
2017-11-24 09:35:00	1920.293	1920.293	1913.849	1918.402	1950.299	1966.251	1966.721	0	0
2017-11-24 09:30:00	1916.986	1923.706	1916.701	1920.502	1951.287	1966.928	1966.795	0	0
2017-11-24 09:25:00	1917.123	1917.452	1917.123	1917.452	1952.200	1967.569	1966.863	0	0
2017-11-23 15:00:00	1924.448	1924.448	1924.448	1924.448	1953.096	1968.239	1966.932	0	0
2017-11-23 14:55:00	1926.183	1926.286	1925.391	1925.398	1954.018	1968.861	1966.919	0	0
2017-11-23 14:50:00	1924.394	1926.479	1923.260	1926.069	1955.030	1969.469	1966.907	0	0
2017-11-23 14:45:00	1936.293	1936.293	1924.491	1924.491	1956.154	1970.105	1966.906	0	0
2017-11-23 14:40:00	1930.028	1936.635	1929.780	1936.329	1957.297	1970.729	1966.914	0	0
2017-11-23 14:35:00	1941.144	1941.144	1929.859	1929.867	1958.183	1971.240	1966.853	0	0
2017-11-23 14:30:00	1940.835	1941.797	1940.721	1941.236	1959.186	1971.811	1966.772	0	0
2017-11-23 14:25:00	1949.554	1949.554	1940.677	1940.917	1959.917	1972.258	1966.762	0	0
2017-11-23 14:20:00	1947.361	1949.623	1947.025	1949.539	1960.636	1972.695	1966.778	0	0
2017-11-23 14:15:00	1950.814	1950.814	1947.516	1947.533	1961.205	1973.030	1966.802	0	0
2017-11-23 14:10:00	1954.381	1954.712	1950.980	1950.980	1961.745	1973.384	1966.835	0	0
2017-11-23 14:05:00	1953.399	1954.439	1952.538	1954.267	1962.170	1973.705	1966.851	0	0
2017-11-23 14:00:00	1955.531	1955.580	1953.287	1953.342	1962.502	1973.973	1966.859	0	0
2017-11-23 13:55:00	1950.394	1955.914	1950.394	1955.412	1962.766	1974.208	1966.883	0	0
2017-11-23 13:50:00	1950.069	1950.513	1949.957	1950.351	1963.092	1974.439	1966.885	0	0
2017-11-23 13:45:00	1946.277	1950.172	1946.277	1950.007	1963.583	1974.733	1966.942	0	0
2017-11-23 13:40:00	1947.726	1947.726	1944.218	1946.215	1963.984	1975.048	1967.032	0	0
2017-11-23 13:35:00	1950.137	1950.330	1947.853	1947.853	1964.539	1975.377	1967.131	0	0
2017-11-23 13:30:00	1951.680	1952.220	1950.081	1950.162	1965.052	1975.660	1967.238	0	0
2017-11-23 13:25:00	1954.055	1954.055	1951.818	1951.818	1965.666	1975.937	1967.314	0	0
2017-11-23 13:20:00	1951.204	1954.955	1951.204	1954.202	1966.269	1976.183	1967.411	0	0
2017-11-23 13:15:00	1950.069	1951.144	1949.654	1951.144	1966.862	1976.372	1967.519	0	0
2017-11-23 13:10:00	1947.101	1950.135	1946.859	1950.039	1967.539	1976.604	1967.630	0	0
2017-11-23 13:05:00	1945.095	1947.447	1944.596	1947.188	1968.234	1976.866	1967.756	0	0
2017-11-23 13:00:00	1947.749	1947.749	1944.983	1944.983	1968.936	1977.151	1967.906	0	0
2017-11-23 12:55:00	1948.594	1948.594	1948.594	1948.594	1969.725	1977.445	1968.103	0	0
2017-11-23 11:30:00	1948.694	1948.694	1948.694	1948.694	1970.471	1977.726	1968.283	0	0
2017-11-23 11:25:00	1952.439	1952.566	1948.687	1948.687	1971.196	1978.001	1968.474	0	0
2017-11-23 11:20:00	1953.089	1953.089	1951.188	1952.458	1971.908	1978.254	1968.663	0	0
2017-11-23 11:15:00	1956.363	1956.485	1953.160	1953.160	1972.544	1978.464	1968.822	0	0
2017-11-23 11:10:00	1959.770	1959.770	1954.643	1956.350	1973.167	1978.658	1968.964	0	0
2017-11-23 11:05:00	1960.555	1960.820	1959.676	1959.760	1973.732	1978.820	1969.089	0	0
2017-11-23 11:00:00	1964.680	1964.680	1960.416	1960.416	1974.265	1978.947	1969.196	0	0
2017-11-23 10:55:00	1965.858	1966.028	1964.651	1964.651	1974.838	1979.051	1969.318	0	0
2017-11-23 10:50:00	1963.050	1965.902	1963.042	1965.870	1975.317	1979.097	1969.421	0	0
2017-11-23 10:45:00	1964.399	1964.434	1962.823	1963.006	1975.836	1979.124	1969.518	0	0
2017-11-23 10:40:00	1966.667	1966.667	1964.225	1964.326	1976.401	1979.218	1969.629	0	0
2017-11-23 10:35:00	1968.847	1968.847	1966.662	1966.724	1976.945	1979.347	1969.742	0	0
2017-11-23 10:30:00	1969.043	1969.558	1968.649	1968.649	1977.485	1979.462	1969.852	0	0
2017-11-23 10:25:00	1966.853	1969.003	1966.708	1968.961	1978.028	1979.547	1969.962	0	0
2017-11-23 10:20:00	1967.571	1967.647	1966.908	1966.922	1978.555	1979.624	1970.065	0	0
2017-11-23 10:15:00	1965.612	1967.588	1965.562	1967.577	1979.155	1979.762	1970.176	0	0
2017-11-23 10:10:00	1966.734	1966.830	1964.342	1965.524	1979.675	1979.915	1970.280	0	0
2017-11-23 10:05:00	1966.864	1966.977	1966.373	1966.724	1980.227	1980.080	1970.404	0	0
2017-11-23 10:00:00	1963.778	1966.903	1963.377	1966.874	1980.796	1980.201	1970.521	0	0
2017-11-23 09:55:00	1966.986	1967.215	1963.947	1963.947	1981.323	1980.343	1970.631	0	0
2017-11-23 09:50:00	1967.757	1967.757	1966.370	1966.941	1981.849	1980.553	1970.725	0	0
2017-11-23 09:45:00	1966.196	1969.234	1966.196	1967.816	1982.202	1980.745	1970.815	0	0
2017-11-23 09:40:00	1962.187	1966.505	1962.090	1966.124	1982.569	1980.928	1970.900	0	0
2017-11-23 09:35:00	1970.456	1970.456	1961.769	1962.247	1982.938	1981.153	1970.983	0	0
2017-11-23 09:30:00	1974.161	1974.161	1969.639	1970.548	1983.383	1981.380	1971.093	0	0
2017-11-23 09:25:00	1976.230	1976.230	1976.006	1976.006	1983.705	1981.506	1971.163	0	0
2017-11-22 15:00:00	1982.282	1982.282	1982.282	1982.282	1983.907	1981.552	1971.223	0	0
2017-11-22 14:55:00	1980.638	1981.640	1980.638	1981.640	1984.055	1981.500	1971.284	0	0
2017-11-22 14:50:00	1979.947	1980.637	1979.793	1980.637	1984.161	1981.429	1971.329	0	0
2017-11-22 14:45:00	1977.997	1979.992	1977.921	1979.983	1984.297	1981.344	1971.393	0	0
2017-11-22 14:40:00	1976.847	1977.796	1976.570	1977.796	1984.437	1981.231	1971.448	0	0
2017-11-22 14:35:00	1978.106	1978.194	1976.863	1976.863	1984.598	1981.172	1971.573	0	0
2017-11-22 14:30:00	1974.620	1978.121	1974.549	1978.010	1984.753	1981.117	1971.726	0	0
2017-11-22 14:25:00	1972.237	1974.532	1972.236	1974.532	1984.854	1981.039	1971.873	0	0
2017-11-22 14:20:00	1970.868	1972.285	1970.868	1972.239	1985.023	1980.976	1972.035	0	0
2017-11-22 14:15:00	1966.343	1970.829	1965.825	1970.829	1985.239	1980.928	1972.225	0	0
2017-11-22 14:10:00	1971.681	1971.685	1966.540	1966.540	1985.445	1980.843	1972.422	0	0
2017-11-22 14:05:00	1974.997	1974.997	1971.699	1971.715	1985.651	1980.787	1972.644	0	0
2017-11-22 14:00:00	1970.127	1975.266	1970.055	1974.905	1985.786	1980.683	1972.844	0	0
2017-11-22 13:55:00	1974.019	1974.046	1969.418	1970.051	1985.884	1980.531	1973.030	0	0
2017-11-22 13:50:00	1973.463	1974.108	1973.410	1973.964	1986.112	1980.414	1973.251	0	0
2017-11-22 13:45:00	1980.776	1980.776	1973.331	1973.516	1986.215	1980.264	1973.448	0	0
2017-11-22 13:40:00	1982.027	1982.116	1980.851	1980.851	1986.268	1980.062	1973.638	0	0
2017-11-22 13:35:00	1983.558	1983.661	1981.999	1981.999	1986.209	1979.766	1973.792	0	0
2017-11-22 13:30:00	1984.896	1985.074	1983.823	1983.823	1986.097	1979.464	1973.943	0	0
2017-11-22 13:25:00	1984.782	1985.111	1984.621	1985.002	1985.882	1979.141	1974.086	0	0
2017-11-22 13:20:00	1982.398	1984.841	1982.317	1984.778	1985.669	1978.774	1974.233	0	0
2017-11-22 13:15:00	1984.513	1984.513	1981.874	1982.327	1985.498	1978.392	1974.377	0	0
2017-11-22 13:10:00	1985.868	1986.009	1984.374	1984.440	1985.366	1978.020	1974.524	0	0
2017-11-22 13:05:00	1984.879	1986.017	1984.776	1985.851	1985.164	1977.591	1974.660	0	0
2017-11-22 13:00:00	1984.373	1984.952	1984.255	1984.952	1984.981	1977.142	1974.795	0	0
2017-11-22 12:55:00	1984.301	1984.301	1984.301	1984.301	1984.805	1976.697	1974.912	0	0
2017-11-22 11:30:00	1984.255	1984.255	1984.255	1984.255	1984.599	1976.275	1975.033	0	0
2017-11-22 11:25:00	1984.640	1985.394	1984.226	1984.300	1984.383	1975.875	1975.150	0	0
2017-11-22 11:20:00	1986.266	1986.266	1984.546	1984.596	1984.149	1975.484	1975.254	0	0
2017-11-22 11:15:00	1988.991	1988.991	1986.402	1986.402	1983.908	1975.082	1975.359	0	0
2017-11-22 11:10:00	1988.466	1989.086	1987.473	1989.086	1983.630	1974.665	1975.469	0	0
2017-11-22 11:05:00	1991.872	1991.872	1988.528	1988.614	1983.264	1974.222	1975.570	0	0
2017-11-22 11:00:00	1991.263	1992.259	1991.138	1991.807	1982.876	1973.784	1975.670	0	0
2017-11-22 10:55:00	1991.549	1991.736	1991.086	1991.261	1982.411	1973.308	1975.762	0	0
2017-11-22 10:50:00	1993.564	1993.569	1991.320	1991.518	1982.035	1972.818	1975.854	0	0
2017-11-22 10:45:00	1995.705	1996.305	1993.675	1993.736	1981.749	1972.319	1975.945	0	0
2017-11-22 10:40:00	1995.369	1995.817	1994.855	1995.812	1981.439	1971.810	1976.024	0	0
2017-11-22 10:35:00	1996.889	1996.889	1995.181	1995.294	1981.066	1971.295	1976.104	0	0
2017-11-22 10:30:00	1993.528	1996.989	1993.448	1996.897	1980.692	1970.802	1976.189	0	0
2017-11-22 10:25:00	1993.163	1993.743	1993.075	1993.573	1980.369	1970.319	1976.264	0	0
2017-11-22 10:20:00	1995.343	1995.419	1993.121	1993.138	1980.156	1969.861	1976.351	0	0
2017-11-22 10:15:00	1993.250	1995.234	1993.018	1995.202	1979.932	1969.357	1976.441	0	0
2017-11-22 10:10:00	1990.288	1993.252	1990.288	1993.185	1979.605	1968.833	1976.526	0	0
2017-11-22 10:05:00	1984.608	1990.295	1984.608	1990.295	1979.364	1968.283	1976.611	0	0
2017-11-22 10:00:00	1986.175	1986.175	1984.275	1984.579	1979.256	1967.702	1976.704	0	0
2017-11-22 09:55:00	1984.701	1987.235	1984.517	1986.135	1979.288	1967.191	1976.822	0	0
2017-11-22 09:50:00	1984.609	1985.635	1984.304	1984.583	1979.288	1966.661	1976.931	0	0
2017-11-22 09:45:00	1986.369	1986.369	1982.266	1984.494	1979.368	1966.156	1977.046	0	0
2017-11-22 09:40:00	1986.175	1988.180	1986.175	1986.642	1979.377	1965.626	1977.158	0	0
2017-11-22 09:35:00	1989.717	1989.754	1985.247	1986.119	1979.308	1964.977	1977.264	0	0
2017-11-22 09:30:00	1987.182	1989.858	1987.069	1989.705	1979.198	1964.346	1977.378	0	0
2017-11-22 09:25:00	1986.944	1986.944	1986.916	1986.916	1978.944	1963.708	1977.489	0	0
2017-11-21 15:00:00	1987.451	1987.451	1987.451	1987.451	1978.698	1963.098	1977.623	0	0
2017-11-21 14:55:00	1985.952	1986.949	1985.922	1986.949	1978.390	1962.466	1977.730	0	0
2017-11-21 14:50:00	1984.707	1985.876	1984.624	1985.876	1978.025	1961.733	1977.842	0	0
2017-11-21 14:45:00	1982.902	1984.622	1982.716	1984.622	1977.746	1961.266	1977.935	0	0
2017-11-21 14:40:00	1983.044	1983.219	1982.740	1983.052	1977.481	1960.861	1978.008	0	0
2017-11-21 14:35:00	1983.014	1983.146	1982.455	1982.990	1977.223	1960.573	1978.099	0	0
2017-11-21 14:30:00	1981.181	1983.020	1981.176	1983.020	1976.928	1960.286	1978.190	0	0
2017-11-21 14:25:00	1976.922	1981.157	1976.851	1981.144	1976.616	1959.998	1978.296	0	0
2017-11-21 14:20:00	1978.560	1978.574	1976.808	1976.808	1976.241	1959.745	1978.402	0	0
2017-11-21 14:15:00	1979.697	1979.810	1978.307	1978.509	1975.924	1959.558	1978.714	0	0
2017-11-21 14:10:00	1981.526	1982.101	1979.766	1979.766	1975.579	1959.332	1979.016	0	0
2017-11-21 14:05:00	1979.198	1981.470	1978.860	1981.470	1975.178	1959.151	1979.313	0	0
2017-11-21 14:00:00	1976.133	1979.184	1976.133	1979.102	1974.717	1959.017	1979.601	0	0
2017-11-21 13:55:00	1977.965	1978.093	1976.049	1976.156	1974.313	1958.885	1979.907	0	0
2017-11-21 13:50:00	1976.382	1978.127	1976.382	1977.905	1973.857	1958.817	1980.223	0	0
2017-11-21 13:45:00	1973.079	1976.407	1972.928	1976.407	1973.322	1958.691	1980.522	0	0
2017-11-21 13:40:00	1974.477	1974.477	1972.976	1973.059	1972.832	1958.640	1980.819	0	0
2017-11-21 13:35:00	1976.303	1976.333	1974.378	1974.378	1972.400	1958.667	1981.127	0	0
2017-11-21 13:30:00	1975.799	1976.556	1975.799	1976.218	1971.879	1958.657	1981.427	0	0
2017-11-21 13:25:00	1974.463	1975.731	1974.275	1975.731	1971.286	1958.646	1981.728	0	0
2017-11-21 13:20:00	1976.682	1976.733	1974.346	1974.346	1970.673	1958.661	1982.048	0	0
2017-11-21 13:15:00	1976.275	1977.094	1976.211	1976.683	1970.019	1958.760	1982.379	0	0
2017-11-21 13:10:00	1973.945	1976.238	1973.945	1976.178	1969.303	1958.840	1982.691	0	0
2017-11-21 13:05:00	1973.489	1974.046	1973.393	1974.006	1968.588	1958.947	1983.012	0	0
2017-11-21 13:00:00	1972.906	1973.546	1972.906	1973.453	1967.950	1959.072	1983.349	0	0
2017-11-21 12:55:00	1972.577	1972.577	1972.577	1972.577	1967.367	1959.180	1983.680	0	0
2017-11-21 11:30:00	1972.531	1972.531	1972.531	1972.531	1966.820	1959.271	1984.014	0	0
2017-11-21 11:25:00	1970.734	1972.527	1970.674	1972.526	1966.256	1959.359	1984.342	0	0
2017-11-21 11:20:00	1969.272	1970.826	1969.226	1970.786	1965.700	1959.445	1984.664	0	0
2017-11-21 11:15:00	1968.526	1969.235	1966.988	1969.235	1965.180	1959.584	1984.991	0	0
2017-11-21 11:10:00	1972.368	1972.390	1968.553	1968.553	1964.692	1959.745	1985.326	0	0
2017-11-21 11:05:00	1977.108	1977.154	1972.448	1972.448	1964.204	1959.912	1985.671	0	0
2017-11-21 11:00:00	1978.256	1978.693	1977.226	1977.226	1963.602	1960.040	1985.994	0	0
2017-11-21 10:55:00	1977.151	1978.233	1976.339	1978.233	1962.888	1960.138	1986.292	0	0
2017-11-21 10:50:00	1976.758	1977.678	1976.363	1977.143	1962.181	1960.242	1986.578	0	0
2017-11-21 10:45:00	1980.682	1980.755	1976.599	1976.599	1961.525	1960.378	1986.869	0	0
2017-11-21 10:40:00	1982.957	1983.008	1980.759	1980.759	1960.913	1960.507	1987.163	0	0
2017-11-21 10:35:00	1982.075	1983.114	1981.787	1982.895	1960.269	1960.590	1987.432	0	0
2017-11-21 10:30:00	1978.951	1982.162	1978.842	1981.979	1959.567	1960.646	1987.684	0	0
2017-11-21 10:25:00	1981.036	1981.056	1978.676	1978.830	1958.782	1960.728	1987.940	0	0
2017-11-21 10:20:00	1984.751	1984.874	1981.070	1981.110	1958.062	1960.840	1988.202	0	0
2017-11-21 10:15:00	1986.177	1986.177	1984.695	1984.909	1957.203	1960.919	1988.441	0	0
2017-11-21 10:10:00	1986.030	1986.620	1985.640	1986.197	1956.148	1960.898	1988.665	0	0
2017-11-21 10:05:00	1988.432	1989.311	1986.129	1986.129	1955.095	1960.884	1988.881	0	0
2017-11-21 10:00:00	1984.973	1988.579	1984.973	1988.578	1954.035	1960.871	1989.102	0	0
2017-11-21 09:55:00	1983.154	1984.942	1982.830	1984.942	1952.945	1960.813	1989.309	0	0
2017-11-21 09:50:00	1980.553	1983.196	1980.553	1983.196	1951.875	1960.806	1989.534	0	0
2017-11-21 09:45:00	1976.997	1980.597	1976.940	1980.597	1950.646	1960.821	1989.765	0	0
2017-11-21 09:40:00	1974.647	1978.476	1974.629	1977.008	1949.495	1960.895	1990.017	0	0
2017-11-21 09:35:00	1972.048	1974.627	1972.048	1974.627	1948.473	1961.069	1990.284	0	0
2017-11-21 09:30:00	1967.568	1972.054	1966.050	1972.054	1947.499	1961.228	1990.568	0	0
2017-11-21 09:25:00	1968.731	1968.731	1968.710	1968.710	1946.542	1961.443	1990.861	0	0
2017-11-20 15:00:00	1971.934	1971.934	1971.934	1971.934	1945.441	1961.666	1991.163	0	0
2017-11-20 14:55:00	1970.168	1971.436	1970.168	1971.343	1944.787	1961.974	1991.445	0	0
2017-11-20 14:50:00	1968.267	1970.234	1968.219	1970.179	1944.241	1962.336	1991.738	0	0
2017-11-20 14:45:00	1967.475	1968.478	1967.461	1968.227	1943.924	1962.708	1992.029	0	0
2017-11-20 14:40:00	1962.394	1967.439	1962.394	1967.439	1943.643	1963.095	1992.315	0	0
2017-11-20 14:35:00	1960.928	1962.386	1959.903	1962.386	1943.380	1963.522	1992.624	0	0
2017-11-20 14:30:00	1961.309	1961.333	1960.791	1960.930	1943.249	1964.001	1992.958	0	0
2017-11-20 14:25:00	1959.747	1961.493	1959.747	1961.292	1943.193	1964.502	1993.300	0	0
2017-11-20 14:20:00	1958.423	1959.724	1958.269	1959.693	1943.085	1965.004	1993.626	0	0
2017-11-20 14:15:00	1958.926	1959.684	1958.412	1958.412	1943.125	1965.529	1993.971	0	0
2017-11-20 14:10:00	1953.288	1958.894	1953.288	1958.894	1943.317	1966.087	1994.320	0	0
2017-11-20 14:05:00	1951.218	1953.476	1951.218	1953.380	1943.458	1966.633	1994.663	0	0
2017-11-20 14:00:00	1951.969	1951.977	1950.634	1951.174	1943.777	1967.214	1995.029	0	0
2017-11-20 13:55:00	1951.645	1952.846	1951.645	1951.881	1944.059	1967.819	1995.399	0	0
2017-11-20 13:50:00	1948.344	1951.481	1948.344	1951.481	1944.448	1968.423	1995.760	0	0
2017-11-20 13:45:00	1946.633	1948.316	1946.539	1948.316	1944.933	1969.031	1996.121	0	0
2017-11-20 13:40:00	1945.183	1946.719	1945.183	1946.591	1945.435	1969.691	1996.480	0	0
2017-11-20 13:35:00	1941.774	1945.068	1941.772	1945.068	1946.004	1970.361	1996.849	0	0
2017-11-20 13:30:00	1940.980	1941.616	1939.682	1941.616	1946.648	1971.029	1997.229	0	0
2017-11-20 13:25:00	1940.528	1941.044	1940.103	1940.880	1947.502	1971.729	1997.627	0	0
2017-11-20 13:20:00	1942.128	1942.128	1940.327	1940.431	1948.377	1972.448	1998.005	0	0
2017-11-20 13:15:00	1944.294	1944.313	1942.100	1942.130	1949.306	1973.127	1998.388	0	0
2017-11-20 13:10:00	1945.204	1945.211	1944.301	1944.301	1950.194	1973.791	1998.760	0	0
2017-11-20 13:05:00	1944.334	1945.444	1944.278	1945.230	1950.993	1974.424	1999.115	0	0
2017-11-20 13:00:00	1945.206	1945.527	1944.236	1944.310	1951.721	1975.024	1999.473	0	0
2017-11-20 12:55:00	1944.747	1944.747	1944.747	1944.747	1952.463	1975.637	1999.841	0	0
2017-11-20 11:30:00	1944.797	1944.797	1944.797	1944.797	1953.189	1976.274	2000.202	0	0
2017-11-20 11:25:00	1944.158	1944.914	1944.158	1944.802	1953.988	1976.917	2000.551	0	0
2017-11-20 11:20:00	1942.468	1944.280	1942.468	1944.152	1954.798	1977.555	2000.901	0	0
2017-11-20 11:15:00	1941.481	1942.339	1940.264	1942.339	1955.620	1978.217	2001.249	0	0
2017-11-20 11:10:00	1942.774	1943.772	1941.558	1941.558	1956.478	1978.890	2001.618	0	0
2017-11-20 11:05:00	1944.269	1944.301	1942.126	1942.856	1957.387	1979.570	2001.986	0	0
2017-11-20 11:00:00	1946.058	1946.058	1944.333	1944.342	1958.304	1980.238	2002.352	0	0
2017-11-20 10:55:00	1948.593	1948.597	1945.969	1945.997	1959.231	1980.914	2002.714	0	0
2017-11-20 10:50:00	1947.833	1949.272	1947.833	1948.589	1960.102	1981.577	2003.070	0	0
2017-11-20 10:45:00	1942.778	1947.802	1942.698	1947.802	1960.912	1982.209	2003.412	0	0
2017-11-20 10:40:00	1942.943	1943.376	1942.427	1942.719	1961.724	1982.840	2003.758	0	0
2017-11-20 10:35:00	1938.360	1942.862	1938.360	1942.813	1962.673	1983.525	2004.132	0	0
2017-11-20 10:30:00	1932.089	1938.186	1931.004	1938.186	1963.619	1984.219	2004.512	0	0
2017-11-20 10:25:00	1933.608	1934.131	1932.154	1932.154	1964.635	1984.938	2004.911	0	0
2017-11-20 10:20:00	1933.160	1933.703	1932.340	1933.516	1965.647	1985.706	2005.339	0	0
2017-11-20 10:15:00	1934.080	1934.125	1933.001	1933.150	1966.674	1986.453	2005.764	0	0
2017-11-20 10:10:00	1931.475	1934.153	1931.475	1934.073	1967.708	1987.200	2006.194	0	0
2017-11-20 10:05:00	1921.657	1931.421	1921.547	1931.421	1968.680	1987.936	2006.620	0	0
2017-11-20 10:00:00	1923.087	1924.224	1921.672	1921.783	1969.738	1988.690	2007.052	0	0
2017-11-20 09:55:00	1925.919	1925.919	1921.741	1923.035	1970.995	1989.552	2007.518	0	0
2017-11-20 09:50:00	1925.959	1927.038	1925.895	1925.895	1972.294	1990.409	2007.978	0	0
2017-11-20 09:45:00	1924.437	1925.915	1923.483	1925.915	1973.666	1991.269	2008.427	0	0
2017-11-20 09:40:00	1913.910	1924.325	1913.027	1924.250	1974.958	1992.147	2008.867	0	0
2017-11-20 09:35:00	1938.903	1938.903	1913.595	1913.629	1976.343	1992.994	2009.314	0	0
2017-11-20 09:30:00	1941.760	1942.141	1937.311	1939.231	1977.891	1993.950	2009.813	0	0
2017-11-20 09:25:00	1944.252	1944.252	1944.068	1944.068	1979.161	1994.603	2010.183	0	0
2017-11-17 15:00:00	1954.299	1954.299	1954.299	1954.299	1980.430	1995.154	2010.539	0	0
2017-11-17 14:55:00	1954.287	1954.388	1954.051	1954.193	1981.493	1995.624	2010.839	0	0
2017-11-17 14:50:00	1955.847	1955.847	1954.253	1954.294	1982.546	1996.095	2011.133	0	0
2017-11-17 14:45:00	1958.075	1958.719	1955.824	1955.824	1983.663	1996.594	2011.424	0	0
2017-11-17 14:40:00	1955.774	1959.538	1955.742	1958.150	1984.753	1997.060	2011.719	0	0
2017-11-17 14:35:00	1961.655	1961.655	1955.117	1955.870	1985.810	1997.870	2012.004	0	0
2017-11-17 14:30:00	1967.994	1968.025	1961.703	1961.703	1986.923	1998.701	2012.285	0	0
2017-11-17 14:25:00	1965.949	1968.344	1965.949	1968.034	1987.933	1999.474	2012.541	0	0
2017-11-17 14:20:00	1969.259	1969.259	1965.936	1965.936	1988.857	2000.184	2012.765	0	0
2017-11-17 14:15:00	1965.412	1969.670	1965.412	1969.303	1989.807	2000.928	2013.004	0	0
2017-11-17 14:10:00	1971.003	1971.003	1963.768	1965.311	1990.650	2001.629	2013.226	0	0
2017-11-17 14:05:00	1975.774	1975.774	1971.288	1971.288	1991.578	2002.352	2013.464	0	0
2017-11-17 14:00:00	1973.467	1976.113	1973.460	1975.778	1992.398	2002.999	2013.674	0	0
2017-11-17 13:55:00	1974.992	1974.992	1971.719	1973.385	1993.129	2003.588	2013.861	0	0
2017-11-17 13:50:00	1977.298	1977.298	1975.067	1975.067	1993.948	2004.197	2014.074	0	0
2017-11-17 13:45:00	1984.234	1984.234	1977.251	1977.251	1994.718	2004.810	2014.272	0	0
2017-11-17 13:40:00	1984.520	1984.930	1984.288	1984.301	1995.410	2005.436	2014.466	0	0
2017-11-17 13:35:00	1986.928	1986.928	1984.343	1984.640	1995.957	2005.998	2014.650	0	0
2017-11-17 13:30:00	1986.532	1987.215	1986.429	1986.879	1996.520	2006.542	2014.829	0	0
2017-11-17 13:25:00	1984.371	1986.517	1984.356	1986.517	1996.948	2007.076	2014.999	0	0
2017-11-17 13:20:00	1981.796	1984.262	1981.506	1984.244	1997.388	2007.625	2015.176	0	0
2017-11-17 13:15:00	1981.385	1982.486	1981.385	1981.664	1997.856	2008.180	2015.373	0	0
2017-11-17 13:10:00	1981.097	1981.438	1979.682	1981.385	1998.326	2008.757	2015.588	0	0
2017-11-17 13:05:00	1984.633	1984.663	1981.075	1981.075	1998.812	2009.325	2015.799	0	0
2017-11-17 13:00:00	1985.133	1985.174	1984.661	1984.725	1999.359	2009.884	2016.017	0	0
2017-11-17 12:55:00	1985.309	1985.309	1985.309	1985.309	1999.846	2010.398	2016.210	0	0
2017-11-17 11:30:00	1985.253	1985.253	1985.253	1985.253	2000.313	2010.908	2016.410	0	0
2017-11-17 11:25:00	1986.908	1987.017	1985.239	1985.239	2000.814	2011.430	2016.613	0	0
2017-11-17 11:20:00	1988.683	1988.750	1987.002	1987.002	2001.301	2011.947	2016.834	0	0
2017-11-17 11:15:00	1990.634	1990.701	1988.692	1988.692	2001.754	2012.447	2017.041	0	0
2017-11-17 11:10:00	1989.570	1991.179	1989.570	1990.707	2002.173	2012.913	2017.236	0	0
2017-11-17 11:05:00	1989.022	1989.562	1987.763	1989.562	2002.596	2013.360	2017.414	0	0
2017-11-17 11:00:00	1988.468	1989.316	1988.468	1989.066	2003.051	2013.818	2017.599	0	0
2017-11-17 10:55:00	1990.119	1990.119	1988.132	1988.419	2003.506	2014.273	2017.787	0	0
2017-11-17 10:50:00	1990.116	1991.402	1990.116	1990.190	2003.955	2014.723	2017.978	0	0
2017-11-17 10:45:00	1989.010	1990.262	1989.010	1990.095	2004.377	2015.152	2018.160	0	0
2017-11-17 10:40:00	1982.757	1988.975	1982.757	1988.975	2004.818	2015.564	2018.342	0	0
2017-11-17 10:35:00	1984.790	1984.790	1981.651	1982.759	2005.242	2015.962	2018.528	0	0
2017-11-17 10:30:00	1984.879	1986.011	1984.853	1984.853	2005.765	2016.432	2018.744	0	0
2017-11-17 10:25:00	1982.702	1984.849	1982.636	1984.849	2006.233	2016.879	2018.941	0	0
2017-11-17 10:20:00	1984.208	1984.208	1981.222	1982.702	2006.693	2017.334	2019.129	0	0
2017-11-17 10:15:00	1984.725	1985.572	1984.311	1984.311	2007.192	2017.805	2019.329	0	0
2017-11-17 10:10:00	1987.920	1987.920	1982.320	1984.633	2007.643	2018.261	2019.525	0	0
2017-11-17 10:05:00	1994.257	1994.257	1987.988	1987.988	2008.109	2018.709	2019.726	0	0
2017-11-17 10:00:00	1990.537	1994.654	1990.507	1994.467	2008.525	2019.140	2019.912	0	0
2017-11-17 09:55:00	1993.628	1993.891	1990.385	1990.552	2008.872	2019.499	2020.061	0	0
2017-11-17 09:50:00	1990.848	1993.511	1989.353	1993.493	2009.337	2019.907	2020.223	0	0
2017-11-17 09:45:00	2002.715	2002.715	1990.992	1990.992	2009.645	2020.279	2020.363	0	0
2017-11-17 09:40:00	2007.537	2007.571	2002.767	2002.767	2010.010	2020.661	2020.526	0	0
2017-11-17 09:35:00	2007.327	2008.750	2007.316	2007.525	2010.045	2020.917	2020.619	0	0
2017-11-17 09:30:00	2006.483	2007.945	2005.630	2007.409	2009.878	2021.140	2020.687	0	0
2017-11-17 09:25:00	2006.883	2006.886	2006.883	2006.886	2009.755	2021.350	2020.760	0	0
2017-11-16 15:00:00	2010.132	2010.132	2010.132	2010.132	2009.643	2021.535	2020.824	0	0
2017-11-16 14:55:00	2010.910	2010.970	2010.316	2010.321	2009.525	2021.726	2020.871	0	0
2017-11-16 14:50:00	2011.540	2011.916	2010.892	2010.992	2009.366	2021.916	2020.916	0	0
2017-11-16 14:45:00	2012.167	2012.336	2011.354	2011.539	2009.930	2022.098	2020.957	0	0
2017-11-16 14:40:00	2014.201	2014.257	2012.157	2012.177	2010.478	2022.249	2020.971	0	0
2017-11-16 14:35:00	2013.416	2014.227	2013.305	2014.227	2011.016	2022.414	2020.981	0	0
2017-11-16 14:30:00	2011.580	2013.475	2011.580	2013.475	2011.512	2022.553	2020.970	0	0
2017-11-16 14:25:00	2011.678	2011.678	2010.940	2011.444	2012.050	2022.694	2020.964	0	0
2017-11-16 14:20:00	2012.319	2013.115	2011.537	2011.682	2012.609	2022.844	2020.963	0	0
2017-11-16 14:15:00	2012.405	2012.576	2012.130	2012.284	2013.127	2022.980	2020.968	0	0
2017-11-16 14:10:00	2014.325	2014.357	2012.340	2012.340	2013.601	2023.097	2020.968	0	0
2017-11-16 14:05:00	2013.497	2014.771	2013.497	2014.333	2014.047	2023.210	2020.961	0	0
2017-11-16 14:00:00	2011.901	2013.555	2011.799	2013.555	2014.447	2023.268	2020.935	0	0
2017-11-16 13:55:00	2011.680	2011.930	2011.423	2011.871	2014.902	2023.337	2020.906	0	0
2017-11-16 13:50:00	2012.816	2013.248	2011.661	2011.661	2015.462	2023.430	2020.888	0	0
2017-11-16 13:45:00	2008.164	2012.781	2008.164	2012.781	2016.038	2023.525	2020.868	0	0
2017-11-16 13:40:00	2008.540	2008.563	2007.785	2008.300	2016.565	2023.561	2020.835	0	0
2017-11-16 13:35:00	2007.521	2008.546	2007.521	2008.500	2017.204	2023.648	2020.826	0	0
2017-11-16 13:30:00	2005.223	2007.632	2005.223	2007.632	2017.863	2023.730	2020.813	0	0
2017-11-16 13:25:00	2005.612	2005.612	2004.217	2005.172	2018.504	2023.806	2020.794	0	0
2017-11-16 13:20:00	2008.389	2008.437	2005.665	2005.665	2019.188	2023.921	2020.780	0	0
2017-11-16 13:15:00	2009.125	2009.193	2008.313	2008.424	2019.839	2024.044	2020.756	0	0
2017-11-16 13:10:00	2008.654	2009.111	2007.853	2009.111	2020.409	2024.130	2020.713	0	0
2017-11-16 13:05:00	2010.331	2010.453	2008.626	2008.642	2020.950	2024.185	2020.671	0	0
2017-11-16 13:00:00	2009.842	2010.481	2009.842	2010.306	2021.502	2024.247	2020.637	0	0
2017-11-16 12:55:00	2009.591	2009.591	2009.591	2009.591	2022.047	2024.281	2020.601	0	0
2017-11-16 11:30:00	2009.643	2009.643	2009.643	2009.643	2022.594	2024.346	2020.563	0	0
2017-11-16 11:25:00	2011.712	2011.712	2009.548	2009.637	2023.140	2024.402	2020.522	0	0
2017-11-16 11:20:00	2012.306	2012.510	2011.879	2011.879	2023.654	2024.465	2020.472	0	0
2017-11-16 11:15:00	2011.764	2012.522	2011.764	2012.308	2024.124	2024.514	2020.420	0	0
2017-11-16 11:10:00	2010.853	2011.789	2010.510	2011.789	2024.585	2024.563	2020.369	0	0
2017-11-16 11:05:00	2011.247	2011.325	2010.904	2010.904	2025.040	2024.616	2020.316	0	0
2017-11-16 11:00:00	2012.153	2012.528	2011.254	2011.271	2025.491	2024.677	2020.266	0	0
2017-11-16 10:55:00	2010.114	2012.161	2010.114	2012.156	2025.928	2024.738	2020.220	0	0
2017-11-16 10:50:00	2008.907	2010.274	2008.795	2010.166	2026.309	2024.806	2020.164	0	0
2017-11-16 10:45:00	2008.219	2009.854	2008.195	2008.929	2026.682	2024.883	2020.119	0	0
2017-11-16 10:40:00	2007.774	2008.222	2007.604	2008.222	2027.099	2024.973	2020.079	0	0
2017-11-16 10:35:00	2007.658	2008.550	2007.645	2007.848	2027.525	2025.075	2020.049	0	0
2017-11-16 10:30:00	2006.843	2007.679	2006.033	2007.670	2027.974	2025.188	2020.037	0	0
2017-11-16 10:25:00	2007.867	2008.069	2006.760	2006.842	2028.417	2025.303	2020.019	0	0
2017-11-16 10:20:00	2008.711	2008.711	2007.740	2007.922	2028.879	2025.413	2019.999	0	0
2017-11-16 10:15:00	2011.776	2011.777	2008.765	2008.797	2029.310	2025.484	2019.965	0	0
2017-11-16 10:10:00	2013.781	2013.902	2011.787	2011.836	2029.755	2025.547	2019.924	0	0
2017-11-16 10:05:00	2008.855	2013.781	2008.718	2013.781	2030.126	2025.585	2019.871	0	0
2017-11-16 10:00:00	2009.268	2010.103	2008.896	2008.901	2030.478	2025.587	2019.812	0	0
2017-11-16 09:55:00	2004.591	2009.240	2004.591	2009.240	2030.913	2025.633	2019.788	0	0
2017-11-16 09:50:00	1999.243	2004.524	1999.074	2004.524	2031.313	2025.675	2019.758	0	0
2017-11-16 09:45:00	2001.280	2001.314	1999.107	1999.202	2031.789	2025.763	2019.736	0	0
2017-11-16 09:40:00	2001.210	2001.277	1999.353	2001.243	2032.401	2025.923	2019.752	0	0
2017-11-16 09:35:00	2004.305	2004.342	2001.273	2001.273	2032.946	2026.055	2019.755	0	0
2017-11-16 09:30:00	2002.142	2004.421	2001.511	2004.222	2033.427	2026.171	2019.772	0	0
2017-11-16 09:25:00	2002.449	2002.449	2002.413	2002.413	2033.928	2026.255	2019.776	0	0
2017-11-10 15:00:00	2039.165	2039.165	2039.165	2039.165	2034.465	2026.378	2019.776	0	0
2017-11-10 14:55:00	2039.018	2039.030	2038.792	2038.965	2034.267	2026.139	2019.594	0	0
2017-11-10 14:50:00	2039.075	2039.249	2038.907	2039.049	2034.019	2025.869	2019.406	0	0
2017-11-10 14:45:00	2040.376	2040.499	2039.036	2039.036	2033.812	2025.607	2019.209	0	0
2017-11-10 14:40:00	2039.340	2040.494	2039.340	2040.355	2033.595	2025.345	2019.005	0	0
2017-11-10 14:35:00	2037.632	2039.388	2037.443	2039.388	2033.339	2025.079	2018.802	0	0
2017-11-10 14:30:00	2036.052	2037.666	2036.052	2037.593	2033.079	2024.822	2018.605	0	0
2017-11-10 14:25:00	2034.673	2035.979	2034.549	2035.979	2032.834	2024.575	2018.426	0	0
2017-11-10 14:20:00	2034.445	2034.654	2034.257	2034.643	2032.594	2024.349	2018.240	0	0
2017-11-10 14:15:00	2036.249	2036.249	2034.320	2034.347	2032.373	2024.134	2018.063	0	0
2017-11-10 14:10:00	2039.902	2039.902	2036.331	2036.331	2032.090	2023.951	2017.883	0	0
2017-11-10 14:05:00	2040.432	2040.502	2039.828	2039.856	2031.772	2023.734	2017.690	0	0
2017-11-10 14:00:00	2039.163	2040.805	2039.075	2040.458	2031.398	2023.496	2017.465	0	0
2017-11-10 13:55:00	2040.188	2040.190	2039.115	2039.115	2031.011	2023.302	2017.231	0	0
2017-11-10 13:50:00	2041.439	2041.656	2040.177	2040.278	2030.557	2023.116	2017.004	0	0
2017-11-10 13:45:00	2039.722	2041.495	2039.714	2041.409	2030.092	2022.921	2016.767	0	0
2017-11-10 13:40:00	2039.459	2039.731	2039.278	2039.721	2029.598	2022.727	2016.531	0	0
2017-11-10 13:35:00	2038.204	2039.839	2038.204	2039.363	2029.107	2022.566	2016.314	0	0
2017-11-10 13:30:00	2036.886	2038.247	2036.854	2038.224	2028.655	2022.418	2016.099	0	0
2017-11-10 13:25:00	2036.247	2036.929	2036.247	2036.929	2028.249	2022.273	2015.882	0	0
2017-11-10 13:20:00	2036.243	2036.267	2035.665	2036.134	2027.850	2022.150	2015.667	0	0
2017-11-10 13:15:00	2037.530	2037.599	2036.260	2036.260	2027.420	2022.023	2015.445	0	0
2017-11-10 13:10:00	2036.943	2037.666	2036.864	2037.519	2026.991	2021.913	2015.215	0	0
2017-11-10 13:05:00	2036.904	2037.061	2036.605	2036.941	2026.516	2021.795	2014.985	0	0
2017-11-10 13:00:00	2035.979	2036.951	2035.934	2036.949	2026.098	2021.721	2014.752	0	0
2017-11-10 12:55:00	2035.366	2035.366	2035.366	2035.366	2025.665	2021.634	2014.513	0	0
2017-11-10 11:30:00	2035.374	2035.374	2035.374	2035.374	2025.276	2021.558	2014.270	0	0
2017-11-10 11:25:00	2034.541	2035.370	2034.515	2035.370	2024.904	2021.469	2014.030	0	0
2017-11-10 11:20:00	2033.403	2034.545	2033.359	2034.545	2024.542	2021.380	2013.794	0	0
2017-11-10 11:15:00	2033.087	2033.552	2033.087	2033.433	2024.191	2021.302	2013.557	0	0
2017-11-10 11:10:00	2031.234	2033.118	2031.234	2033.118	2023.862	2021.233	2013.325	0	0
2017-11-10 11:05:00	2028.841	2031.338	2028.841	2031.229	2023.548	2021.167	2013.094	0	0
2017-11-10 11:00:00	2029.762	2029.800	2028.695	2028.801	2023.302	2021.120	2012.862	0	0
2017-11-10 10:55:00	2029.468	2029.956	2029.455	2029.793	2023.083	2021.094	2012.629	0	0
2017-11-10 10:50:00	2030.369	2030.474	2029.252	2029.484	2022.846	2021.056	2012.385	0	0
2017-11-10 10:45:00	2029.753	2030.371	2029.392	2030.339	2022.626	2021.002	2012.143	0	0
2017-11-10 10:40:00	2029.902	2030.649	2029.775	2029.812	2022.402	2020.925	2011.896	0	0
2017-11-10 10:35:00	2029.453	2029.931	2028.635	2029.919	2022.188	2020.853	2011.645	0	0
2017-11-10 10:30:00	2031.032	2031.125	2029.495	2029.502	2021.948	2020.790	2011.392	0	0
2017-11-10 10:25:00	2030.369	2031.147	2030.307	2031.052	2021.657	2020.742	2011.142	0	0
2017-11-10 10:20:00	2031.352	2031.382	2030.043	2030.365	2021.338	2020.683	2010.880	0	0
2017-11-10 10:15:00	2030.729	2031.611	2030.705	2031.360	2021.043	2020.623	2010.610	0	0
2017-11-10 10:10:00	2029.184	2030.683	2028.958	2030.683	2020.696	2020.538	2010.337	0	0
2017-11-10 10:05:00	2028.313	2029.920	2028.244	2029.203	2020.354	2020.447	2010.067	0	0
2017-11-10 10:00:00	2029.770	2029.814	2028.323	2028.337	2020.037	2020.392	2009.797	0	0
2017-11-10 09:55:00	2028.368	2029.889	2028.207	2029.834	2019.737	2020.322	2009.531	0	0
2017-11-10 09:50:00	2025.426	2028.533	2025.426	2028.446	2019.445	2020.235	2009.263	0	0
2017-11-10 09:45:00	2029.236	2029.402	2024.442	2025.363	2019.165	2020.171	2009.005	0	0
2017-11-10 09:40:00	2029.169	2029.516	2028.751	2029.251	2018.915	2020.113	2008.763	0	0
2017-11-10 09:35:00	2029.322	2030.401	2029.108	2029.248	2018.581	2020.015	2008.495	0	0
2017-11-10 09:30:00	2026.058	2029.412	2025.130	2029.273	2018.291	2019.917	2008.214	0	0
2017-11-10 09:25:00	2026.642	2026.642	2026.580	2026.580	2018.010	2019.816	2007.931	0	0
2017-11-09 15:00:00	2028.692	2028.692	2028.692	2028.692	2017.719	2019.693	2007.669	0	0
2017-11-09 14:55:00	2027.672	2028.176	2027.599	2028.165	2017.403	2019.547	2007.396	0	0
2017-11-09 14:50:00	2026.349	2027.593	2026.305	2027.556	2017.096	2019.387	2007.113	0	0
2017-11-09 14:45:00	2025.370	2026.455	2025.370	2026.410	2016.819	2019.234	2006.839	0	0
2017-11-09 14:40:00	2024.084	2025.346	2023.891	2025.346	2016.565	2019.082	2006.578	0	0
2017-11-09 14:35:00	2023.732	2024.227	2023.681	2023.955	2016.316	2018.956	2006.335	0	0
2017-11-09 14:30:00	2020.028	2023.730	2020.028	2023.636	2016.105	2018.838	2006.102	0	0
2017-11-09 14:25:00	2020.443	2020.476	2019.824	2020.152	2015.895	2018.712	2005.855	0	0
2017-11-09 14:20:00	2021.213	2021.443	2020.383	2020.446	2015.813	2018.602	2005.636	0	0
2017-11-09 14:15:00	2021.068	2021.590	2021.030	2021.153	2015.696	2018.475	2005.414	0	0
2017-11-09 14:10:00	2016.472	2021.129	2016.352	2021.129	2015.594	2018.347	2005.186	0	0
2017-11-09 14:05:00	2017.084	2017.275	2016.400	2016.409	2015.592	2018.211	2004.957	0	0
2017-11-09 14:00:00	2016.689	2017.031	2016.490	2017.031	2015.676	2018.109	2004.751	0	0
2017-11-09 13:55:00	2015.245	2016.778	2015.152	2016.698	2015.750	2018.004	2004.530	0	0
2017-11-09 13:50:00	2016.779	2016.861	2015.146	2015.162	2015.855	2017.895	2004.295	0	0
2017-11-09 13:45:00	2017.961	2017.961	2016.693	2016.758	2016.026	2017.782	2004.057	0	0
2017-11-09 13:40:00	2017.004	2018.228	2017.004	2017.949	2016.182	2017.638	2003.807	0	0
2017-11-09 13:35:00	2014.693	2016.970	2014.608	2016.970	2016.298	2017.468	2003.577	0	0
2017-11-09 13:30:00	2014.870	2014.984	2014.464	2014.654	2016.451	2017.297	2003.359	0	0
2017-11-09 13:25:00	2013.675	2014.835	2013.238	2014.812	2016.625	2017.158	2003.139	0	0
2017-11-09 13:20:00	2015.997	2016.022	2013.540	2013.750	2016.835	2017.027	2002.946	0	0
2017-11-09 13:15:00	2015.351	2016.091	2015.284	2016.047	2017.075	2016.920	2002.768	0	0
2017-11-09 13:10:00	2015.931	2015.993	2015.206	2015.307	2017.343	2016.780	2002.571	0	0
2017-11-09 13:05:00	2016.811	2016.988	2015.924	2015.924	2017.603	2016.641	2002.385	0	0
2017-11-09 13:00:00	2017.479	2017.850	2016.731	2016.742	2017.839	2016.479	2002.201	0	0
2017-11-09 12:55:00	2017.260	2017.260	2017.260	2017.260	2018.034	2016.327	2002.016	0	0
2017-11-09 11:30:00	2017.010	2017.010	2017.010	2017.010	2018.218	2016.174	2001.817	0	0
2017-11-09 11:25:00	2017.442	2017.442	2016.670	2017.008	2018.412	2016.016	2001.618	0	0
2017-11-09 11:20:00	2018.892	2019.101	2017.331	2017.415	2018.604	2015.855	2001.423	0	0
2017-11-09 11:15:00	2017.805	2018.940	2017.805	2018.933	2018.786	2015.701	2001.227	0	0
2017-11-09 11:10:00	2017.854	2017.899	2017.482	2017.836	2018.937	2015.522	2000.998	0	0
2017-11-09 11:05:00	2018.524	2018.524	2017.872	2017.933	2019.105	2015.354	2000.800	0	0
2017-11-09 11:00:00	2019.066	2019.229	2018.450	2018.489	2019.266	2015.186	2000.607	0	0
2017-11-09 10:55:00	2019.167	2019.723	2019.031	2019.119	2019.379	2015.024	2000.401	0	0
2017-11-09 10:50:00	2017.990	2019.135	2017.908	2019.135	2019.447	2014.886	2000.200	0	0
2017-11-09 10:45:00	2015.039	2018.015	2015.039	2017.914	2019.519	2014.734	1999.999	0	0
2017-11-09 10:40:00	2015.049	2015.049	2014.492	2014.941	2019.632	2014.584	1999.803	0	0
2017-11-09 10:35:00	2015.670	2016.010	2015.020	2015.089	2019.828	2014.447	1999.630	0	0
2017-11-09 10:30:00	2014.060	2015.663	2014.056	2015.648	2020.029	2014.302	1999.488	0	0
2017-11-09 10:25:00	2013.500	2014.020	2012.151	2014.020	2020.202	2014.157	1999.347	0	0
2017-11-09 10:20:00	2013.355	2014.079	2013.333	2013.543	2020.380	2014.036	1999.211	0	0
2017-11-09 10:15:00	2013.355	2013.740	2013.185	2013.377	2020.541	2013.942	1999.086	0	0
2017-11-09 10:10:00	2015.261	2015.261	2013.128	2013.339	2020.746	2013.841	1998.972	0	0
2017-11-09 10:05:00	2014.412	2016.119	2014.412	2015.220	2020.907	2013.710	1998.853	0	0
2017-11-09 10:00:00	2012.943	2014.436	2012.943	2014.436	2021.024	2013.580	1998.734	0	0
2017-11-09 09:55:00	2012.509	2012.912	2011.227	2012.899	2021.177	2013.454	1998.620	0	0
2017-11-09 09:50:00	2014.662	2014.676	2012.409	2012.557	2021.311	2013.373	1998.517	0	0
2017-11-09 09:45:00	2015.523	2016.103	2014.701	2014.710	2021.449	2013.297	1998.422	0	0
2017-11-09 09:40:00	2012.041	2015.264	2011.816	2015.264	2021.543	2013.175	1998.314	0	0
2017-11-09 09:35:00	2013.010	2014.097	2012.024	2012.024	2021.621	2013.049	1998.195	0	0
2017-11-09 09:30:00	2012.582	2013.094	2011.559	2012.854	2021.666	2012.942	1998.088	0	0
2017-11-09 09:25:00	2012.746	2012.807	2012.746	2012.807	2021.692	2012.811	1997.974	0	0
2017-11-08 15:00:00	2013.707	2013.707	2013.707	2013.707	2021.679	2012.664	1997.862	0	0
2017-11-08 14:55:00	2012.730	2013.731	2012.708	2013.730	2021.650	2012.525	1997.744	0	0
2017-11-08 14:50:00	2013.266	2013.292	2012.743	2012.914	2021.599	2012.388	1997.607	0	0
2017-11-08 14:45:00	2013.050	2013.399	2012.882	2013.399	2021.595	2012.276	1997.489	0	0
2017-11-08 14:40:00	2016.069	2016.069	2013.127	2013.127	2021.571	2012.130	1997.379	0	0
2017-11-08 14:35:00	2014.692	2016.584	2014.692	2016.068	2021.529	2011.991	1997.264	0	0
2017-11-08 14:30:00	2015.925	2015.925	2013.481	2014.564	2021.391	2011.815	1997.149	0	0
2017-11-08 14:25:00	2021.044	2021.044	2016.053	2016.053	2021.254	2011.646	1997.044	0	0
2017-11-08 14:20:00	2020.612	2021.197	2020.603	2021.042	2021.100	2011.434	1996.908	0	0
2017-11-08 14:15:00	2020.802	2021.115	2020.211	2020.590	2020.831	2011.160	1996.752	0	0
2017-11-08 14:10:00	2021.888	2021.888	2020.447	2020.759	2020.543	2010.891	1996.597	0	0
2017-11-08 14:05:00	2023.677	2023.814	2021.881	2021.953	2020.258	2010.612	1996.442	0	0
2017-11-08 14:00:00	2024.485	2024.699	2023.610	2023.704	2019.936	2010.335	1996.279	0	0
2017-11-08 13:55:00	2023.682	2024.588	2023.493	2024.535	2019.539	2010.062	1996.109	0	0
2017-11-08 13:50:00	2024.580	2024.660	2023.707	2023.755	2019.095	2009.780	1995.929	0	0
2017-11-08 13:45:00	2023.435	2024.639	2023.211	2024.618	2018.638	2009.491	1995.752	0	0
2017-11-08 13:40:00	2025.243	2025.274	2023.104	2023.391	2018.143	2009.184	1995.572	0	0
2017-11-08 13:35:00	2025.669	2025.669	2025.302	2025.302	2017.690	2008.866	1995.407	0	0
2017-11-08 13:30:00	2029.484	2029.610	2025.700	2025.727	2017.219	2008.517	1995.238	0	0
2017-11-08 13:25:00	2028.283	2029.563	2028.280	2029.480	2016.765	2008.174	1995.047	0	0
2017-11-08 13:20:00	2027.660	2028.652	2027.660	2028.300	2016.217	2007.784	1994.833	0	0
2017-11-08 13:15:00	2026.354	2027.724	2026.293	2027.724	2015.679	2007.391	1994.635	0	0
2017-11-08 13:10:00	2026.480	2027.155	2026.408	2026.463	2015.120	2006.982	1994.442	0	0
2017-11-08 13:05:00	2026.757	2026.882	2026.320	2026.451	2014.620	2006.590	1994.248	0	0
2017-11-08 13:00:00	2027.002	2027.766	2026.621	2026.753	2014.131	2006.208	1994.047	0	0
2017-11-08 12:55:00	2026.566	2026.566	2026.566	2026.566	2013.619	2005.813	1993.866	0	0
2017-11-08 11:30:00	2026.515	2026.515	2026.515	2026.515	2013.107	2005.416	1993.686	0	0
2017-11-08 11:25:00	2026.310	2026.610	2026.253	2026.519	2012.617	2005.021	1993.503	0	0
2017-11-08 11:20:00	2025.974	2026.244	2025.588	2026.244	2012.108	2004.605	1993.338	0	0
2017-11-08 11:15:00	2024.238	2026.047	2024.123	2025.937	2011.604	2004.164	1993.172	0	0
2017-11-08 11:10:00	2022.590	2024.225	2022.526	2024.146	2011.106	2003.714	1993.010	0	0
2017-11-08 11:05:00	2022.542	2022.714	2022.426	2022.558	2010.669	2003.283	1992.853	0	0
2017-11-08 11:00:00	2023.638	2023.639	2022.425	2022.696	2010.324	2002.868	1992.706	0	0
2017-11-08 10:55:00	2024.741	2024.741	2023.577	2023.577	2009.950	2002.436	1992.561	0	0
2017-11-08 10:50:00	2025.211	2025.754	2024.731	2024.731	2009.536	2001.994	1992.417	0	0
2017-11-08 10:45:00	2024.318	2025.208	2024.261	2025.177	2009.066	2001.542	1992.266	0	0
2017-11-08 10:40:00	2022.943	2024.283	2022.839	2024.280	2008.575	2001.077	1992.114	0	0
2017-11-08 10:35:00	2021.551	2022.998	2021.405	2022.938	2008.112	2000.598	1991.968	0	0
2017-11-08 10:30:00	2023.541	2023.737	2021.568	2021.568	2007.692	2000.135	1991.832	0	0
2017-11-08 10:25:00	2021.287	2023.650	2021.287	2023.650	2007.343	1999.687	1991.695	0	0
2017-11-08 10:20:00	2021.097	2021.348	2020.481	2021.348	2006.937	1999.202	1991.555	0	0
2017-11-08 10:15:00	2022.203	2022.467	2021.111	2021.111	2006.513	1998.739	1991.426	0	0
2017-11-08 10:10:00	2019.749	2022.144	2019.739	2022.058	2006.136	1998.292	1991.308	0	0
2017-11-08 10:05:00	2019.563	2019.839	2019.358	2019.587	2005.731	1997.839	1991.190	0	0
2017-11-08 10:00:00	2019.459	2020.055	2019.072	2019.496	2005.436	1997.412	1991.081	0	0
2017-11-08 09:55:00	2019.107	2019.434	2018.981	2019.406	2005.145	1996.974	1990.954	0	0
2017-11-08 09:50:00	2014.295	2019.150	2014.254	2019.150	2004.807	1996.510	1990.831	0	0
2017-11-08 09:45:00	2014.132	2014.783	2014.007	2014.284	2004.477	1996.045	1990.696	0	0
2017-11-08 09:40:00	2012.132	2014.136	2012.132	2014.136	2004.218	1995.646	1990.587	0	0
2017-11-08 09:35:00	2012.191	2012.483	2012.086	2012.144	2003.929	1995.245	1990.476	0	0
2017-11-08 09:30:00	2010.662	2012.393	2009.537	2012.257	2003.649	1994.839	1990.386	0	0
2017-11-08 09:25:00	2011.079	2011.201	2011.079	2011.201	2003.399	1994.443	1990.292	0	0
2017-11-07 15:00:00	2012.719	2012.719	2012.719	2012.719	2003.177	1994.075	1990.207	0	0
2017-11-07 14:55:00	2011.124	2012.172	2011.064	2012.172	2002.957	1993.714	1990.106	0	0
2017-11-07 14:50:00	2009.255	2011.077	2009.255	2011.049	2002.689	1993.366	1989.984	0	0
2017-11-07 14:45:00	2007.725	2009.213	2007.710	2009.156	2002.454	1992.998	1989.886	0	0
2017-11-07 14:40:00	2008.319	2008.521	2007.687	2007.705	2002.240	1992.671	1989.798	0	0
2017-11-07 14:35:00	2007.635	2008.504	2007.612	2008.359	2002.039	1992.353	1989.728	0	0
2017-11-07 14:30:00	2006.138	2007.650	2006.025	2007.587	2001.768	1992.026	1989.663	0	0
2017-11-07 14:25:00	2006.555	2006.663	2005.966	2006.210	2001.489	1991.702	1989.608	0	0
2017-11-07 14:20:00	2005.767	2006.831	2005.710	2006.495	2001.240	1991.393	1989.582	0	0
2017-11-07 14:15:00	2003.909	2005.913	2003.909	2005.848	2000.967	1991.056	1989.566	0	0
2017-11-07 14:10:00	2002.386	2003.885	2002.386	2003.854	2000.735	1990.694	1989.554	0	0
2017-11-07 14:05:00	2000.980	2002.375	2000.855	2002.340	2000.585	1990.332	1989.548	0	0
2017-11-07 14:00:00	1999.900	2000.926	1999.863	2000.894	2000.466	1989.976	1989.550	0	0
2017-11-07 13:55:00	2000.669	2000.669	1999.288	1999.878	2000.345	1989.687	1989.565	0	0
2017-11-07 13:50:00	2001.733	2001.744	2000.709	2000.743	2000.226	1989.421	1989.581	0	0
2017-11-07 13:45:00	2003.005	2003.117	2001.738	2001.738	2000.043	1989.121	1989.614	0	0
2017-11-07 13:40:00	2002.091	2003.535	2002.066	2003.052	1999.815	1988.865	1989.641	0	0
2017-11-07 13:35:00	2001.344	2002.094	2001.344	2002.094	1999.583	1988.617	1989.663	0	0
2017-11-07 13:30:00	1999.756	2001.377	1999.623	2001.377	1999.350	1988.362	1989.695	0	0
2017-11-07 13:25:00	2001.443	2001.552	1999.696	1999.761	1999.104	1988.129	1989.734	0	0
2017-11-07 13:20:00	2001.914	2002.191	2001.484	2001.484	1998.844	1987.922	1989.778	0	0
2017-11-07 13:15:00	2001.049	2002.021	2000.859	2002.013	1998.561	1987.705	1989.808	0	0
2017-11-07 13:10:00	2000.895	2001.431	2000.454	2001.154	1998.284	1987.459	1989.836	0	0
2017-11-07 13:05:00	2002.103	2002.135	2000.836	2000.948	1998.006	1987.219	1989.862	0	0
2017-11-07 13:00:00	2001.590	2002.474	2001.590	2002.040	1997.725	1986.992	1989.883	0	0
2017-11-07 12:55:00	2001.025	2001.025	2001.025	2001.025	1997.424	1986.752	1989.888	0	0
2017-11-07 11:30:00	2001.044	2001.044	2001.044	2001.044	1997.102	1986.474	1989.894	0	0
2017-11-07 11:25:00	2002.302	2002.327	2000.776	2001.067	1996.724	1986.246	1989.902	0	0
2017-11-07 11:20:00	2005.344	2005.396	2002.269	2002.269	1996.323	1986.028	1989.925	0	0
2017-11-07 11:15:00	2004.021	2005.423	2003.980	2005.349	1995.898	1985.779	1989.939	0	0
2017-11-07 11:10:00	2002.881	2004.000	2002.804	2004.000	1995.411	1985.514	1989.938	0	0
2017-11-07 11:05:00	2001.169	2002.893	2001.011	2002.836	1994.922	1985.263	1989.940	0	0
2017-11-07 11:00:00	2000.746	2001.322	2000.640	2001.232	1994.453	1985.023	1989.962	0	0
2017-11-07 10:55:00	2001.130	2001.359	2000.645	2000.666	1994.019	1984.814	1990.000	0	0
2017-11-07 10:50:00	2001.951	2001.981	2000.954	2001.128	1993.579	1984.674	1990.042	0	0
2017-11-07 10:45:00	2004.116	2004.123	2001.925	2001.925	1993.084	1984.537	1990.081	0	0
2017-11-07 10:40:00	2003.331	2004.224	2003.201	2004.105	1992.577	1984.386	1990.115	0	0
2017-11-07 10:35:00	2000.075	2003.371	2000.075	2003.332	1992.032	1984.230	1990.146	0	0
2017-11-07 10:30:00	2002.319	2002.491	2000.110	2000.169	1991.468	1984.103	1990.180	0	0
2017-11-07 10:25:00	2001.704	2002.395	2001.579	2002.277	1990.966	1983.995	1990.231	0	0
2017-11-07 10:20:00	2004.706	2004.706	2001.679	2001.796	1990.447	1983.887	1990.265	0	0
2017-11-07 10:15:00	2004.957	2005.466	2004.806	2004.825	1989.947	1983.786	1990.295	0	0
2017-11-07 10:10:00	2002.478	2004.958	2002.411	2004.943	1989.388	1983.660	1990.309	0	0
2017-11-07 10:05:00	2002.717	2003.288	2002.407	2002.501	1988.804	1983.547	1990.329	0	0
2017-11-07 10:00:00	2001.403	2002.689	2001.016	2002.689	1988.214	1983.452	1990.359	0	0
2017-11-07 09:55:00	1999.717	2001.611	1999.663	2001.314	1987.613	1983.340	1990.393	0	0
2017-11-07 09:50:00	1998.152	1999.692	1998.079	1999.692	1987.073	1983.233	1990.430	0	0
2017-11-07 09:45:00	1999.652	1999.707	1996.761	1998.145	1986.560	1983.138	1990.485	0	0
2017-11-07 09:40:00	1999.960	1999.965	1999.237	1999.773	1986.029	1983.061	1990.548	0	0
2017-11-07 09:35:00	2001.712	2002.665	2000.080	2000.080	1985.487	1982.963	1990.604	0	0
2017-11-07 09:30:00	1998.455	2001.708	1997.743	2001.708	1984.973	1982.825	1990.662	0	0
2017-11-07 09:25:00	1998.746	1998.766	1998.746	1998.766	1984.472	1982.702	1990.698	0	0
2017-11-06 15:00:00	1999.302	1999.302	1999.302	1999.302	1984.044	1982.628	1990.752	0	0
2017-11-06 14:55:00	1997.651	1998.503	1997.637	1998.475	1983.542	1982.536	1990.808	0	0
2017-11-06 14:50:00	1994.743	1997.667	1994.743	1997.667	1983.101	1982.483	1990.860	0	0
2017-11-06 14:45:00	1993.658	1994.804	1993.596	1994.789	1982.666	1982.442	1990.904	0	0
2017-11-06 14:40:00	1993.798	1993.869	1993.438	1993.626	1982.284	1982.381	1990.966	0	0
2017-11-06 14:35:00	1992.861	1993.806	1992.647	1993.756	1981.915	1982.345	1991.028	0	0
2017-11-06 14:30:00	1994.223	1994.532	1992.684	1992.865	1981.547	1982.303	1991.082	0	0
2017-11-06 14:25:00	1996.356	1996.356	1993.823	1994.223	1981.145	1982.271	1991.129	0	0
2017-11-06 14:20:00	1996.310	1997.000	1996.310	1996.380	1980.653	1982.222	1991.171	0	0
2017-11-06 14:15:00	1994.815	1996.363	1994.801	1996.363	1980.079	1982.155	1991.200	0	0
2017-11-06 14:10:00	1993.955	1994.858	1993.817	1994.858	1979.486	1982.078	1991.229	0	0
2017-11-06 14:05:00	1991.591	1993.922	1991.567	1993.922	1979.029	1982.013	1991.260	0	0
2017-11-06 14:00:00	1990.359	1991.627	1990.197	1991.599	1978.615	1981.960	1991.289	0	0
2017-11-06 13:55:00	1991.422	1991.422	1990.128	1990.333	1978.200	1981.949	1991.333	0	0
2017-11-06 13:50:00	1990.460	1992.004	1990.460	1991.446	1977.916	1981.958	1991.386	0	0
2017-11-06 13:45:00	1989.001	1990.488	1988.891	1990.481	1977.651	1981.919	1991.425	0	0
2017-11-06 13:40:00	1986.853	1989.215	1986.751	1989.052	1977.373	1981.882	1991.465	0	0
2017-11-06 13:35:00	1987.271	1987.394	1986.757	1986.767	1977.154	1981.879	1991.511	0	0
2017-11-06 13:30:00	1988.162	1988.240	1987.222	1987.333	1977.001	1981.902	1991.562	0	0
2017-11-06 13:25:00	1987.194	1988.215	1987.194	1988.181	1976.850	1981.905	1991.606	0	0
2017-11-06 13:20:00	1986.892	1987.311	1986.864	1987.261	1976.635	1981.887	1991.642	0	0
2017-11-06 13:15:00	1987.003	1987.561	1986.757	1986.892	1976.432	1981.919	1991.692	0	0
2017-11-06 13:10:00	1984.929	1987.138	1984.929	1986.996	1976.258	1981.955	1991.729	0	0
2017-11-06 13:05:00	1982.181	1984.891	1982.108	1984.890	1976.080	1981.985	1991.760	0	0
2017-11-06 13:00:00	1981.422	1982.462	1981.422	1982.134	1975.846	1982.070	1991.797	0	0
2017-11-06 12:55:00	1981.037	1981.037	1981.037	1981.037	1975.768	1982.180	1991.839	0	0
2017-11-06 11:30:00	1981.016	1981.016	1981.016	1981.016	1975.733	1982.306	1991.884	0	0
2017-11-06 11:25:00	1979.567	1981.044	1979.567	1981.013	1975.661	1982.422	1991.912	0	0
2017-11-06 11:20:00	1979.362	1979.610	1979.006	1979.541	1975.618	1982.543	1991.936	0	0
2017-11-06 11:15:00	1979.572	1979.659	1979.284	1979.363	1975.604	1982.686	1991.962	0	0
2017-11-06 11:10:00	1978.788	1979.575	1978.677	1979.575	1975.593	1982.839	1991.999	0	0
2017-11-06 11:05:00	1976.463	1978.668	1976.451	1978.647	1975.609	1982.990	1992.036	0	0
2017-11-06 11:00:00	1976.638	1976.645	1976.302	1976.373	1975.770	1983.151	1992.084	0	0
2017-11-06 10:55:00	1976.836	1977.183	1976.537	1976.598	1975.991	1983.339	1992.146	0	0
2017-11-06 10:50:00	1975.158	1976.864	1975.158	1976.835	1976.194	1983.529	1992.208	0	0
2017-11-06 10:45:00	1975.036	1975.156	1974.001	1975.114	1976.429	1983.703	1992.270	0	0
2017-11-06 10:40:00	1976.328	1976.328	1974.601	1975.076	1976.739	1983.908	1992.340	0	0
2017-11-06 10:35:00	1976.694	1976.694	1976.204	1976.355	1977.025	1984.113	1992.409	0	0
2017-11-06 10:30:00	1976.818	1977.472	1976.750	1976.800	1977.327	1984.323	1992.468	0	0
2017-11-06 10:25:00	1975.744	1976.959	1975.744	1976.879	1977.625	1984.540	1992.527	0	0
2017-11-06 10:20:00	1972.963	1975.728	1972.963	1975.719	1977.932	1984.750	1992.583	0	0
2017-11-06 10:15:00	1972.709	1973.005	1972.494	1973.005	1978.291	1984.935	1992.647	0	0
2017-11-06 10:10:00	1974.310	1974.356	1972.646	1972.646	1978.690	1985.152	1992.730	0	0
2017-11-06 10:05:00	1974.159	1974.962	1974.159	1974.315	1979.067	1985.347	1992.810	0	0
2017-11-06 10:00:00	1971.643	1974.094	1971.643	1974.025	1979.393	1985.528	1992.881	0	0
2017-11-06 09:55:00	1972.674	1972.674	1970.199	1971.601	1979.715	1985.707	1992.942	0	0
2017-11-06 09:50:00	1974.424	1974.609	1972.657	1972.657	1980.092	1985.933	1993.010	0	0
2017-11-06 09:45:00	1976.590	1976.590	1974.389	1974.401	1980.439	1986.141	1993.079	0	0
2017-11-06 09:40:00	1977.315	1978.839	1976.661	1976.661	1980.677	1986.338	1993.153	0	0
2017-11-06 09:35:00	1974.347	1977.336	1974.347	1977.336	1980.931	1986.497	1993.219	0	0
2017-11-06 09:30:00	1976.924	1978.392	1973.217	1974.218	1981.213	1986.602	1993.287	0	0
2017-11-06 09:25:00	1976.306	1976.432	1976.306	1976.432	1981.530	1986.773	1993.366	0	0
2017-11-03 15:00:00	1975.923	1975.923	1975.923	1975.923	1981.864	1986.926	1993.429	0	0
2017-11-03 14:55:00	1975.068	1975.703	1974.979	1975.703	1982.217	1987.102	1993.497	0	0
2017-11-03 14:50:00	1975.316	1975.550	1975.106	1975.178	1982.478	1987.299	1993.557	0	0
2017-11-03 14:45:00	1972.743	1975.323	1972.719	1975.323	1982.774	1987.514	1993.626	0	0
2017-11-03 14:40:00	1969.637	1972.751	1969.637	1972.751	1983.060	1987.770	1993.704	0	0
2017-11-03 14:35:00	1967.573	1969.635	1966.648	1969.635	1983.397	1988.077	1993.786	0	0
2017-11-03 14:30:00	1966.857	1968.878	1966.697	1967.675	1983.792	1988.413	1993.900	0	0
2017-11-03 14:25:00	1971.969	1971.969	1966.731	1966.755	1984.232	1988.765	1994.014	0	0
2017-11-03 14:20:00	1973.230	1973.340	1971.978	1971.978	1984.669	1989.125	1994.105	0	0
2017-11-03 14:15:00	1970.941	1973.335	1970.787	1973.245	1984.997	1989.444	1994.188	0	0
2017-11-03 14:10:00	1976.116	1976.116	1970.756	1970.812	1985.306	1989.742	1994.263	0	0
2017-11-03 14:05:00	1978.237	1978.237	1976.134	1976.134	1985.698	1990.107	1994.350	0	0
2017-11-03 14:00:00	1976.712	1978.423	1976.711	1978.205	1986.001	1990.417	1994.411	0	0
2017-11-03 13:55:00	1978.068	1978.185	1975.676	1976.614	1986.188	1990.710	1994.461	0	0
2017-11-03 13:50:00	1979.140	1979.140	1977.811	1978.058	1986.390	1991.027	1994.528	0	0
2017-11-03 13:45:00	1979.847	1980.298	1979.117	1979.117	1986.605	1991.340	1994.601	0	0
2017-11-03 13:40:00	1977.449	1979.799	1977.449	1979.799	1986.804	1991.634	1994.653	0	0
2017-11-03 13:35:00	1977.012	1977.412	1976.073	1977.412	1986.960	1991.911	1994.705	0	0
2017-11-03 13:30:00	1978.163	1978.163	1976.915	1977.135	1987.140	1992.212	1994.769	0	0
2017-11-03 13:25:00	1978.006	1978.328	1977.930	1978.181	1987.407	1992.505	1994.839	0	0
2017-11-03 13:20:00	1973.210	1978.109	1973.061	1978.088	1987.653	1992.774	1994.907	0	0
2017-11-03 13:15:00	1978.215	1978.215	1973.209	1973.209	1987.891	1993.024	1994.964	0	0
2017-11-03 13:10:00	1979.332	1979.619	1978.213	1978.214	1988.295	1993.313	1995.024	0	0
2017-11-03 13:05:00	1977.432	1979.326	1977.208	1979.326	1988.592	1993.559	1995.069	0	0
2017-11-03 13:00:00	1978.166	1978.166	1976.786	1977.401	1988.879	1993.821	1995.099	0	0
2017-11-03 12:55:00	1978.847	1978.847	1978.847	1978.847	1989.183	1994.099	1995.158	0	0
2017-11-03 11:30:00	1978.835	1978.835	1978.835	1978.835	1989.469	1994.361	1995.211	0	0
2017-11-03 11:25:00	1980.317	1980.435	1978.829	1978.829	1989.769	1994.616	1995.259	0	0
2017-11-03 11:20:00	1986.692	1986.692	1980.386	1980.386	1990.086	1994.901	1995.322	0	0
2017-11-03 11:15:00	1987.416	1987.622	1986.667	1986.667	1990.372	1995.187	1995.392	0	0
2017-11-03 11:10:00	1986.765	1987.468	1986.765	1987.439	1990.532	1995.409	1995.426	0	0
2017-11-03 11:05:00	1988.542	1988.542	1986.232	1986.761	1990.686	1995.624	1995.466	0	0
2017-11-03 11:00:00	1990.682	1990.682	1988.581	1988.581	1990.863	1995.845	1995.516	0	0
2017-11-03 10:55:00	1989.399	1990.590	1989.316	1990.590	1990.978	1996.062	1995.560	0	0
2017-11-03 10:50:00	1991.377	1991.479	1989.351	1989.382	1991.078	1996.257	1995.599	0	0
2017-11-03 10:45:00	1991.718	1992.214	1991.454	1991.454	1991.202	1996.467	1995.644	0	0
2017-11-03 10:40:00	1992.244	1992.306	1991.630	1991.698	1991.320	1996.644	1995.678	0	0
2017-11-03 10:35:00	1993.634	1993.635	1992.149	1992.260	1991.455	1996.805	1995.706	0	0
2017-11-03 10:30:00	1993.032	1994.513	1993.007	1993.644	1991.567	1996.958	1995.729	0	0
2017-11-03 10:25:00	1991.506	1992.998	1991.269	1992.982	1991.578	1997.110	1995.730	0	0
2017-11-03 10:20:00	1990.572	1991.635	1990.524	1991.479	1991.614	1997.266	1995.724	0	0
2017-11-03 10:15:00	1990.123	1990.618	1988.530	1990.618	1991.626	1997.446	1995.732	0	0
2017-11-03 10:10:00	1990.472	1990.883	1990.145	1990.145	1991.664	1997.626	1995.737	0	0
2017-11-03 10:05:00	1989.925	1990.694	1989.925	1990.438	1991.699	1997.833	1995.734	0	0
2017-11-03 10:00:00	1986.362	1990.017	1986.318	1990.017	1991.774	1998.036	1995.725	0	0
2017-11-03 09:55:00	1989.277	1989.307	1986.290	1986.307	1991.843	1998.245	1995.725	0	0
2017-11-03 09:50:00	1991.444	1991.548	1989.355	1989.355	1991.999	1998.499	1995.742	0	0
2017-11-03 09:45:00	1990.117	1991.651	1990.117	1991.417	1992.062	1998.695	1995.736	0	0
2017-11-03 09:40:00	1993.216	1993.335	1989.623	1990.057	1991.992	1998.875	1995.698	0	0
2017-11-03 09:35:00	1993.685	1993.745	1992.581	1993.145	1992.017	1999.080	1995.678	0	0
2017-11-03 09:30:00	1988.643	1993.637	1988.366	1993.580	1991.988	1999.238	1995.643	0	0
2017-11-03 09:25:00	1988.866	1988.866	1988.757	1988.757	1991.988	1999.366	1995.588	0	0
2017-11-02 15:00:00	1989.981	1989.981	1989.981	1989.981	1992.120	1999.550	1995.532	0	0
2017-11-02 14:55:00	1989.573	1989.712	1989.412	1989.597	1992.254	1999.712	1995.490	0	0
2017-11-02 14:50:00	1989.326	1989.871	1988.996	1989.601	1992.481	1999.860	1995.498	0	0
2017-11-02 14:45:00	1989.685	1990.397	1989.316	1989.381	1992.757	1999.987	1995.577	0	0
2017-11-02 14:40:00	1988.686	1989.788	1988.686	1989.679	1993.035	2000.119	1995.681	0	0
2017-11-02 14:35:00	1988.293	1988.606	1987.868	1988.606	1993.298	2000.245	1995.780	0	0
2017-11-02 14:30:00	1988.608	1988.608	1987.100	1988.370	1993.581	2000.379	1995.933	0	0
2017-11-02 14:25:00	1990.420	1990.420	1988.642	1988.692	1993.891	2000.508	1996.107	0	0
2017-11-02 14:20:00	1991.372	1991.372	1990.327	1990.406	1994.178	2000.617	1996.271	0	0
2017-11-02 14:15:00	1987.683	1991.357	1987.683	1991.313	1994.517	2000.718	1996.436	0	0
2017-11-02 14:10:00	1986.718	1987.557	1986.279	1987.557	1994.834	2000.813	1996.595	0	0
2017-11-02 14:05:00	1988.744	1988.744	1986.663	1986.724	1995.231	2000.931	1996.770	0	0
2017-11-02 14:00:00	1989.070	1989.696	1988.701	1988.774	1995.664	2001.049	1996.947	0	0
2017-11-02 13:55:00	1987.483	1989.068	1986.776	1989.068	1996.076	2001.143	1997.112	0	0
2017-11-02 13:50:00	1986.369	1987.783	1986.369	1987.633	1996.464	2001.222	1997.275	0	0
2017-11-02 13:45:00	1990.442	1990.442	1986.025	1986.393	1996.861	2001.307	1997.463	0	0
2017-11-02 13:40:00	1990.526	1990.952	1990.470	1990.470	1997.284	2001.396	1997.658	0	0
2017-11-02 13:35:00	1989.956	1990.490	1989.394	1990.490	1997.603	2001.464	1997.831	0	0
2017-11-02 13:30:00	1993.447	1993.561	1989.966	1989.966	1997.896	2001.503	1997.997	0	0
2017-11-02 13:25:00	1993.148	1993.849	1992.927	1993.418	1998.157	2001.534	1998.156	0	0
2017-11-02 13:20:00	1993.568	1993.786	1993.094	1993.094	1998.332	2001.523	1998.307	0	0
2017-11-02 13:15:00	1992.607	1993.912	1992.607	1993.673	1998.527	2001.497	1998.470	0	0
2017-11-02 13:10:00	1993.074	1993.074	1991.340	1992.608	1998.763	2001.461	1998.630	0	0
2017-11-02 13:05:00	1993.780	1994.287	1993.063	1993.119	1999.015	2001.402	1998.791	0	0
2017-11-02 13:00:00	1994.643	1994.643	1993.333	1993.825	1999.253	2001.328	1998.951	0	0
2017-11-02 12:55:00	1994.688	1994.688	1994.688	1994.688	1999.464	2001.237	1999.116	0	0
2017-11-02 11:30:00	1994.679	1994.679	1994.679	1994.679	1999.716	2001.158	1999.275	0	0
2017-11-02 11:25:00	1995.179	1995.179	1994.362	1994.668	2000.002	2001.081	1999.434	0	0
2017-11-02 11:20:00	1995.619	1995.950	1995.142	1995.172	2000.287	2001.018	1999.589	0	0
2017-11-02 11:15:00	1994.310	1995.757	1994.106	1995.593	2000.561	2000.953	1999.740	0	0
2017-11-02 11:10:00	1995.648	1995.648	1994.312	1994.312	2000.828	2000.888	1999.888	0	0
2017-11-02 11:05:00	1995.613	1995.882	1995.520	1995.635	2001.146	2000.837	2000.042	0	0
2017-11-02 11:00:00	1997.323	1997.323	1995.536	1995.569	2001.436	2000.771	2000.189	0	0
2017-11-02 10:55:00	1998.412	1998.468	1997.185	1997.365	2001.733	2000.704	2000.341	0	0
2017-11-02 10:50:00	1997.942	1999.043	1997.942	1998.436	2001.967	2000.612	2000.482	0	0
2017-11-02 10:45:00	1994.230	1997.880	1994.128	1997.840	2002.154	2000.514	2000.617	0	0
2017-11-02 10:40:00	1994.723	1994.845	1993.990	1994.228	2002.349	2000.417	2000.756	0	0
2017-11-02 10:35:00	1992.140	1994.765	1992.140	1994.741	2002.641	2000.360	2000.906	0	0
2017-11-02 10:30:00	1992.474	1992.474	1988.443	1992.105	2002.919	2000.308	2001.043	0	0
2017-11-02 10:25:00	1991.815	1992.655	1991.786	1992.495	2003.265	2000.274	2001.199	0	0
2017-11-02 10:20:00	1994.197	1994.197	1991.901	1991.901	2003.588	2000.234	2001.360	0	0
2017-11-02 10:15:00	1993.355	1994.438	1993.055	1994.199	2003.967	2000.176	2001.520	0	0
2017-11-02 10:10:00	1994.078	1994.082	1993.279	1993.486	2004.299	2000.088	2001.670	0	0
2017-11-02 10:05:00	1992.600	1994.631	1992.587	1994.078	2004.646	2000.018	2001.834	0	0
2017-11-02 10:00:00	1988.068	1992.535	1987.551	1992.535	2005.000	1999.968	2001.997	0	0
2017-11-02 09:55:00	1991.341	1991.568	1987.828	1987.885	2005.328	1999.941	2002.182	0	0
2017-11-02 09:50:00	1991.795	1993.230	1991.261	1991.325	2005.758	1999.971	2002.394	0	0
2017-11-02 09:45:00	1993.571	1993.571	1989.469	1991.669	2006.143	1999.958	2002.582	0	0
2017-11-02 09:40:00	1995.496	1997.097	1993.579	1993.579	2006.488	1999.932	2002.766	0	0
2017-11-02 09:35:00	1996.674	1996.674	1993.565	1995.378	2006.745	1999.892	2002.940	0	0
2017-11-02 09:30:00	2000.241	2000.241	1996.697	1996.697	2006.980	1999.815	2003.116	0	0
2017-11-02 09:25:00	2000.917	2000.917	2000.914	2000.914	2007.170	1999.737	2003.289	0	0
2017-11-01 15:00:00	2003.443	2003.443	2003.443	2003.443	2007.240	1999.638	2003.442	0	0
2017-11-01 14:55:00	2002.798	2003.292	2002.798	2003.271	2007.216	1999.495	2003.588	0	0
2017-11-01 14:50:00	2002.763	2002.913	2002.491	2002.811	2007.203	1999.387	2003.724	0	0
2017-11-01 14:45:00	2003.831	2004.095	2002.749	2002.759	2007.192	1999.264	2003.862	0	0
2017-11-01 14:40:00	2003.189	2003.862	2002.795	2003.849	2007.178	1999.086	2004.005	0	0
2017-11-01 14:35:00	2007.355	2007.410	2003.089	2003.089	2007.125	1998.932	2004.145	0	0
2017-11-01 14:30:00	2007.311	2007.625	2007.234	2007.314	2007.056	1998.784	2004.289	0	0
2017-11-01 14:25:00	2007.417	2007.453	2006.783	2007.171	2006.919	1998.592	2004.404	0	0
2017-11-01 14:20:00	2008.301	2008.397	2007.337	2007.436	2006.792	1998.405	2004.514	0	0
2017-11-01 14:15:00	2009.381	2009.381	2008.352	2008.352	2006.631	1998.213		0	0
2017-11-01 14:10:00	2008.569	2009.788	2008.569	2009.360	2006.434	1998.028		0	0
2017-11-01 14:05:00	2007.476	2008.524	2007.360	2008.508	2006.211	1997.861		0	0
2017-11-01 14:00:00	2007.519	2007.716	2007.125	2007.443	2005.979	1997.673		0	0
2017-11-01 13:55:00	2006.387	2007.620	2006.327	2007.564	2005.754	1997.499		0	0
2017-11-01 13:50:00	2005.225	2006.610	2005.225	2006.396	2005.509	1997.326		0	0
2017-11-01 13:45:00	2003.120	2005.133	2002.922	2005.133	2005.326	1997.173		0	0
2017-11-01 13:40:00	2002.161	2003.282	2002.161	2003.065	2005.111	1997.040		0	0
2017-11-01 13:35:00	2002.812	2002.812	2001.310	2002.168	2004.911	1996.904		0	0
2017-11-01 13:30:00	2005.578	2005.842	2002.803	2002.803	2004.714	1996.734		0	0
2017-11-01 13:25:00	2005.258	2005.544	2004.745	2005.478	2004.468	1996.578		0	0
2017-11-01 13:20:00	2005.235	2005.826	2005.141	2005.213	2004.159	1996.377		0	0
2017-11-01 13:15:00	2004.346	2005.175	2003.449	2005.043	2003.789	1996.216		0	0
2017-11-01 13:10:00	2007.437	2007.437	2004.346	2004.359	2003.402	1996.061		0	0
2017-11-01 13:05:00	2008.917	2008.971	2007.309	2007.309	2003.010	1995.901		0	0
2017-11-01 13:00:00	2008.950	2009.297	2008.911	2008.946	2002.600	1995.743		0	0
2017-11-01 12:55:00	2008.910	2008.910	2008.910	2008.910	2002.159	1995.598		0	0
2017-11-01 11:30:00	2008.899	2008.899	2008.899	2008.899	2001.750	1995.443		0	0
2017-11-01 11:25:00	2010.173	2010.424	2008.809	2008.913	2001.344	1995.309		0	0
2017-11-01 11:20:00	2010.277	2010.320	2009.942	2010.232	2000.949	1995.188		0	0
2017-11-01 11:15:00	2010.380	2010.435	2009.922	2010.151	2000.527	1995.057		0	0
2017-11-01 11:10:00	2009.103	2010.445	2008.991	2010.395	2000.107	1994.941		0	0
2017-11-01 11:05:00	2007.853	2009.096	2007.853	2009.096	1999.676	1994.821		0	0
2017-11-01 11:00:00	2007.478	2007.933	2007.361	2007.766	1999.256	1994.713		0	0
2017-11-01 10:55:00	2008.867	2008.867	2007.494	2007.588	1998.874	1994.608		0	0
2017-11-01 10:50:00	2008.700	2009.047	2008.503	2008.853	1998.485	1994.500		0	0
2017-11-01 10:45:00	2009.363	2009.599	2008.452	2008.613	1998.078	1994.350		0	0
2017-11-01 10:40:00	2008.610	2009.468	2008.401	2009.429	1997.697	1994.182		0	0
2017-11-01 10:35:00	2010.792	2010.957	2008.639	2008.639	1997.283	1994.017		0	0
2017-11-01 10:30:00	2010.639	2010.920	2010.140	2010.818	1996.879	1993.849		0	0
2017-11-01 10:25:00	2010.901	2011.158	2010.535	2010.796	1996.386	1993.635		0	0
2017-11-01 10:20:00	2011.870	2012.054	2010.775	2010.855	1995.877	1993.414		0	0
2017-11-01 10:15:00	2008.992	2012.145	2008.992	2011.786	1995.389	1993.205		0	0
2017-11-01 10:10:00	2009.297	2009.422	2008.558	2008.929	1994.935	1992.985		0	0
2017-11-01 10:05:00	2010.525	2010.551	2009.381	2009.400	1994.555	1992.776		0	0
2017-11-01 10:00:00	2008.961	2010.557	2008.941	2010.557	1994.183	1992.521		0	0
2017-11-01 09:55:00	2006.521	2008.974	2006.460	2008.946	1993.773	1992.275		0	0
2017-11-01 09:50:00	2007.161	2007.770	2006.388	2006.394	1993.375	1992.049		0	0
2017-11-01 09:45:00	2006.248	2007.170	2006.248	2007.138	1993.039	1991.810		0	0
2017-11-01 09:40:00	2004.370	2006.185	2003.762	2006.185	1992.650	1991.515		0	0
2017-11-01 09:35:00	2002.515	2005.289	2002.515	2004.404	1992.304	1991.267		0	0
2017-11-01 09:30:00	2002.702	2003.327	2000.111	2002.256	1992.036	1991.135		0	0
2017-11-01 09:25:00	2002.511	2002.607	2002.511	2002.607	1991.773	1991.167		0	0
2017-10-31 15:00:00	2002.284	2002.284	2002.284	2002.284	1991.571	1991.243		0	0
2017-10-31 14:55:00	2001.118	2002.070	2001.024	2002.050	1991.335	1991.314		0	0
2017-10-31 14:50:00	1999.540	2001.211	1999.540	2001.211	1990.994	1991.487		0	0
2017-10-31 14:45:00	2000.449	2000.559	1999.518	1999.655	1990.739	1991.706		0	0
2017-10-31 14:40:00	2000.749	2000.765	2000.313	2000.466	1990.511	1991.924		0	0
2017-10-31 14:35:00	1999.509	2000.861	1999.472	2000.802	1990.265	1992.154		0	0
2017-10-31 14:30:00	1998.525	1999.444	1998.373	1999.374	1990.019	1992.377		0	0
2017-10-31 14:25:00	1998.076	1998.711	1998.076	1998.516	1989.795	1992.609		0	0
2017-10-31 14:20:00	1996.980	1998.210	1996.980	1998.193	1989.622	1992.846		0	0
2017-10-31 14:15:00	1996.325	1997.040	1996.316	1996.904	1989.512	1993.081		0	0
2017-10-31 14:10:00	1995.325	1996.257	1995.217	1996.198	1989.367	1993.329		0	0
2017-10-31 14:05:00	1997.327	1997.358	1995.269	1995.312	1989.245	1993.618		0	0
2017-10-31 14:00:00	1994.436	1997.452	1994.436	1997.240	1989.143	1993.920		0	0
2017-10-31 13:55:00	1993.027	1994.431	1992.749	1994.431	1989.020	1994.198		0	0
2017-10-31 13:50:00	1992.364	1993.043	1992.308	1993.032	1988.969	1994.491		0	0
2017-10-31 13:45:00	1990.557	1992.341	1990.496	1992.307	1988.897	1994.777		0	0
2017-10-31 13:40:00	1989.985	1990.664	1989.985	1990.528	1988.755	1995.092		0	0
2017-10-31 13:35:00	1986.701	1990.022	1986.663	1990.015	1988.689	1995.443		0	0
2017-10-31 13:30:00	1985.796	1986.928	1985.796	1986.742	1988.595	1995.798		0	0
2017-10-31 13:25:00	1984.753	1985.683	1984.529	1985.683	1988.643	1996.180		0	0
2017-10-31 13:20:00	1986.798	1986.851	1984.762	1984.762	1988.720	1996.574		0	0
2017-10-31 13:15:00	1986.877	1987.064	1986.688	1986.807	1988.793	1996.994		0	0
2017-10-31 13:10:00	1988.460	1988.473	1986.902	1986.902	1988.887	1997.392		0	0
2017-10-31 13:05:00	1988.591	1988.711	1988.287	1988.457	1989.036	1997.787		0	0
2017-10-31 13:00:00	1989.278	1989.837	1988.604	1988.604	1989.136	1998.159		0	0
2017-10-31 12:55:00	1989.157	1989.157	1989.157	1989.157	1989.273	1998.527		0	0
2017-10-31 11:30:00	1989.126	1989.126	1989.126	1989.126	1989.426	1998.887		0	0
2017-10-31 11:25:00	1988.826	1989.127	1988.304	1989.127	1989.588	1999.246		0	0
2017-10-31 11:20:00	1988.090	1988.870	1987.861	1988.840	1989.776	1999.607		0	0
2017-10-31 11:15:00	1988.598	1988.621	1988.054	1988.106	1989.966	1999.977		0	0
2017-10-31 11:10:00	1988.059	1988.722	1987.973	1988.688	1990.170	2000.351		0	0
2017-10-31 11:05:00	1988.578	1988.686	1988.031	1988.111	1990.342	2000.721		0	0
2017-10-31 11:00:00	1989.581	1989.722	1988.537	1988.537	1990.516	2001.095		0	0
2017-10-31 10:55:00	1988.754	1989.835	1988.752	1989.545	1990.621	2001.451		0	0
2017-10-31 10:50:00	1988.403	1988.725	1988.085	1988.714	1990.668	2001.777		0	0
2017-10-31 10:45:00	1986.080	1988.461	1986.080	1988.436	1990.752	2002.124		0	0
2017-10-31 10:40:00	1985.347	1986.198	1984.768	1986.198	1990.819	2002.486		0	0
2017-10-31 10:35:00	1986.482	1986.861	1985.354	1985.354	1990.883	2002.863		0	0
2017-10-31 10:30:00	1989.083	1989.097	1986.358	1986.447	1990.950	2003.252		0	0
2017-10-31 10:25:00	1989.877	1989.900	1989.053	1989.067	1991.021	2003.651		0	0
2017-10-31 10:20:00	1990.852	1990.959	1989.777	1989.910	1991.035	2004.026		0	0
2017-10-31 10:15:00	1990.044	1991.031	1990.044	1990.841	1990.998	2004.422		0	0
2017-10-31 10:10:00	1989.137	1990.055	1988.949	1990.034	1990.859	2004.816		0	0
2017-10-31 10:05:00	1989.560	1989.722	1988.764	1989.038	1990.778	2005.206		0	0
2017-10-31 10:00:00	1987.834	1989.908	1987.786	1989.631	1990.723	2005.600		0	0
2017-10-31 09:55:00	1988.896	1989.012	1987.550	1987.662	1990.580	2005.988		0	0
2017-10-31 09:50:00	1990.984	1991.179	1988.909	1988.909	1990.379	2006.418		0	0
2017-10-31 09:45:00	1989.057	1991.112	1988.738	1990.993	1990.230	2006.842		0	0
2017-10-31 09:40:00	1992.497	1992.798	1989.115	1989.115	1990.235	2007.246		0	0
2017-10-31 09:35:00	1990.688	1992.503	1990.418	1992.503	1990.561	2007.681		0	0
2017-10-31 09:30:00	1985.133	1990.666	1985.133	1990.479	1990.914	2008.060		0	0
2017-10-31 09:25:00	1985.235	1985.235	1984.981	1984.981	1991.293	2008.461		0	0
2017-10-30 15:00:00	1988.481	1988.481	1988.481	1988.481	1991.979	2008.923		0	0
2017-10-30 14:55:00	1988.139	1988.288	1987.877	1988.237	1992.673	2009.358		0	0
2017-10-30 14:50:00	1988.465	1988.492	1987.768	1988.163	1993.337	2009.794		0	0
2017-10-30 14:45:00	1988.200	1988.728	1987.845	1988.488	1994.044	2010.216		0	0
2017-10-30 14:40:00	1989.686	1989.686	1988.195	1988.195	1994.735	2010.622		0	0
2017-10-30 14:35:00	1992.654	1992.925	1989.891	1989.891	1995.424			0	0
2017-10-30 14:30:00	1989.692	1992.740	1989.692	1992.654	1996.069			0	0
2017-10-30 14:25:00	1990.106	1990.285	1989.116	1989.662	1996.651			0	0
2017-10-30 14:20:00	1990.232	1990.245	1989.298	1990.103	1997.290			0	0
2017-10-30 14:15:00	1991.094	1991.124	1990.202	1990.202	1997.991			0	0
2017-10-30 14:10:00	1991.939	1992.027	1991.028	1991.122	1998.698			0	0
2017-10-30 14:05:00	1989.454	1992.080	1989.454	1991.884	1999.375			0	0
2017-10-30 14:00:00	1985.171	1989.406	1984.519	1989.406	2000.012			0	0
2017-10-30 13:55:00	1987.338	1987.435	1985.182	1985.208	2000.657			0	0
2017-10-30 13:50:00	1985.475	1987.431	1985.186	1987.225	2001.429			0	0
2017-10-30 13:45:00	1989.132	1989.233	1985.342	1985.342	2002.196			0	0
2017-10-30 13:40:00	1989.686	1990.298	1989.121	1989.121	2003.002			0	0
2017-10-30 13:35:00	1988.320	1989.650	1988.171	1989.547	2003.717			0	0
2017-10-30 13:30:00	1991.455	1991.455	1988.386	1988.386	2004.428			0	0
2017-10-30 13:25:00	1994.375	1994.547	1991.504	1991.504	2005.195			0	0
2017-10-30 13:20:00	1993.475	1994.444	1993.358	1994.351	2005.898			0	0
2017-10-30 13:15:00	1995.400	1995.404	1993.441	1993.466	2006.539			0	0
2017-10-30 13:10:00	1996.876	1996.999	1995.448	1995.448	2007.182			0	0
2017-10-30 13:05:00	1997.114	1997.349	1996.840	1996.840	2007.781			0	0
2017-10-30 13:00:00	1998.570	1998.619	1996.796	1997.186	2008.348			0	0
2017-10-30 12:55:00	1998.541	1998.541	1998.541	1998.541	2008.905			0	0
2017-10-30 11:30:00	1998.330	1998.330	1998.330	1998.330	2009.438			0	0
2017-10-30 11:25:00	1997.293	1998.335	1997.229	1998.315	2009.988			0	0
2017-10-30 11:20:00	1996.785	1997.389	1996.785	1997.321	2010.533			0	0
2017-10-30 11:15:00	1993.873	1996.885	1993.873	1996.800	2011.099			0	0
2017-10-30 11:10:00	1991.937	1993.805	1991.762	1993.799	2011.675			0	0
2017-10-30 11:05:00	1992.870	1993.033	1991.772	1991.856	2012.281			0	0
2017-10-30 11:00:00	1991.843	1993.084	1991.777	1992.942	2012.887			0	0
2017-10-30 10:55:00	1989.553	1991.762	1989.553	1991.762	2013.497			0	0
2017-10-30 10:50:00	1988.747	1989.402	1988.573	1989.402	2014.154			0	0
2017-10-30 10:45:00	1989.938	1990.140	1988.277	1988.704	2014.843			0	0
2017-10-30 10:40:00	1989.847	1990.009	1989.144	1990.000	2015.554			0	0
2017-10-30 10:35:00	1988.158	1990.492	1988.158	1989.767	2016.281			0	0
2017-10-30 10:30:00	1983.835	1988.079	1983.671	1988.079	2017.018			0	0
2017-10-30 10:25:00	1985.829	1985.829	1983.734	1983.900	2017.846			0	0
2017-10-30 10:20:00	1986.315	1988.027	1985.931	1985.957	2018.773			0	0
2017-10-30 10:15:00	1982.495	1986.303	1982.253	1986.303	2019.634			0	0
2017-10-30 10:10:00	1977.751	1982.562	1977.751	1982.454	2020.476			0	0
2017-10-30 10:05:00	1981.313	1981.313	1971.629	1977.648	2021.396			0	0
2017-10-30 10:00:00	1990.983	1990.983	1981.441	1981.441	2022.456			0	0
2017-10-30 09:55:00	2005.219	2005.219	1991.228	1991.228	2023.453			0	0
2017-10-30 09:50:00	2010.173	2010.173	2005.401	2005.401	2024.257			0	0
2017-10-30 09:45:00	2009.334	2010.322	2008.069	2010.166	2024.802			0	0
2017-10-30 09:40:00	2019.186	2019.288	2009.454	2009.454	2025.207			0	0
2017-10-30 09:35:00	2023.095	2023.573	2019.280	2019.280	2025.629			0	0
2017-10-30 09:30:00	2021.441	2023.283	2020.884	2023.166	2025.868			0	0
2017-10-30 09:25:00	2021.526	2021.526	2021.451	2021.451	2026.043			0	0
2017-10-27 15:00:00	2023.500	2023.500	2023.500	2023.500	2026.250			0	0
2017-10-27 14:55:00	2022.624	2023.117	2022.496	2023.022	2026.389			0	0
2017-10-27 14:50:00	2022.161	2022.641	2021.706	2022.641	2026.510			0	0
2017-10-27 14:45:00	2021.739	2022.616	2021.739	2022.167				0	0
2017-10-27 14:40:00	2021.577	2021.751	2020.681	2021.751				0	0
2017-10-27 14:35:00	2025.061	2025.239	2021.585	2021.627				0	0
2017-10-27 14:30:00	2025.484	2025.710	2025.145	2025.145				0	0
2017-10-27 14:25:00	2024.943	2026.510	2024.943	2025.543				0	0
2017-10-27 14:20:00	2023.815	2025.004	2023.815	2024.957				0	0
2017-10-27 14:15:00	2021.621	2023.864	2021.453	2023.763				0	0
2017-10-27 14:10:00	2023.687	2023.703	2021.644	2021.646				0	0
2017-10-27 14:05:00	2025.521	2025.558	2023.790	2023.790				0	0
2017-10-27 14:00:00	2025.518	2026.321	2025.518	2025.600				0	0
2017-10-27 13:55:00	2024.878	2025.668	2024.619	2025.613				0	0
2017-10-27 13:50:00	2025.033	2025.079	2024.636	2024.905				0	0
2017-10-27 13:45:00	2026.715	2026.824	2025.047	2025.062				0	0
2017-10-27 13:40:00	2026.681	2027.009	2026.588	2026.769				0	0
2017-10-27 13:35:00	2026.397	2026.715	2026.315	2026.651				0	0
2017-10-27 13:30:00	2025.513	2026.384	2025.436	2026.384				0	0
2017-10-27 13:25:00	2025.381	2025.618	2025.355	2025.596				0	0
2017-10-27 13:20:00	2025.270	2025.522	2025.176	2025.410				0	0
2017-10-27 13:15:00	2025.054	2025.307	2024.694	2025.222				0	0
2017-10-27 13:10:00	2025.275	2025.275	2024.930	2025.028				0	0
2017-10-27 13:05:00	2025.804	2026.158	2025.171	2025.205				0	0
2017-10-27 13:00:00	2025.708	2025.899	2025.522	2025.814				0	0
2017-10-27 12:55:00	2025.561	2025.561	2025.561	2025.561				0	0
2017-10-27 11:30:00	2025.603	2025.603	2025.603	2025.603				0	0
2017-10-27 11:25:00	2024.095	2025.595	2024.068	2025.595				0	0
2017-10-27 11:20:00	2022.112	2024.134	2022.112	2024.134				0	0
2017-10-27 11:15:00	2023.345	2023.356	2022.044	2022.132				0	0
2017-10-27 11:10:00	2024.587	2024.754	2023.379	2023.429				0	0
2017-10-27 11:05:00	2023.924	2024.627	2023.635	2024.613				0	0
2017-10-27 11:00:00	2024.249	2024.322	2023.839	2023.858				0	0
2017-10-27 10:55:00	2026.419	2026.419	2023.634	2024.248				0	0
2017-10-27 10:50:00	2026.690	2026.990	2026.391	2026.391				0	0
2017-10-27 10:45:00	2029.339	2029.339	2026.557	2026.589				0	0
2017-10-27 10:40:00	2030.262	2030.403	2029.464	2029.495				0	0
2017-10-27 10:35:00	2029.039	2030.316	2028.984	2030.252				0	0
2017-10-27 10:30:00	2028.409	2029.115	2028.378	2029.016				0	
2017-10-27 10:25:00	2028.491	2028.498	2028.092	2028.401				0	
2017-10-27 10:20:00	2030.647	2030.661	2028.452	2028.452				0	
2017-10-27 10:15:00	2031.328	2031.368	2030.632	2030.632				0	
2017-10-27 10:10:00	2031.322	2031.375	2030.739	2031.299				0	
2017-10-27 10:05:00	2032.563	2032.701	2031.410	2031.410				0	
2017-10-27 10:00:00	2030.386	2032.760	2030.363	2032.676				0	
2017-10-27 09:55:00	2030.499	2030.509	2029.509	2030.382				0	
2017-10-27 09:50:00	2031.153	2031.252	2030.586	2030.591				0	
2017-10-27 09:45:00	2031.884	2031.909	2031.068	2031.191				0	
2017-10-27 09:40:00	2031.855	2032.718	2031.855	2031.946				0	
2017-10-27 09:35:00	2030.579	2031.783	2030.497	2031.783				0	
2017-10-27 09:30:00	2029.228	2030.506	2027.889	2030.436				0	
2017-10-27 09:25:00	2029.089	2029.096	2029.089	2029.096				0	
