Date	Open	High	Low	Close	SMAVG (50)  on Close	SMAVG (100)  on Close	SMAVG (200)  on Close	Volume	SMAVG (15)
2017-10-31 15:00:00	2002.284	2002.284	2002.284	2002.284	1991.571	1991.243	2009.527	0	0
2017-10-31 14:55:00	2001.118	2002.070	2001.024	2002.050	1991.335	1991.314	2009.643	0	0
2017-10-31 14:50:00	1999.540	2001.211	1999.540	2001.211	1990.994	1991.487	2009.753	0	0
2017-10-31 14:45:00	2000.449	2000.559	1999.518	1999.655	1990.739	1991.706	2009.875	0	0
2017-10-31 14:40:00	2000.749	2000.765	2000.313	2000.466	1990.511	1991.924	2010.005	0	0
2017-10-31 14:35:00	1999.509	2000.861	1999.472	2000.802	1990.265	1992.154	2010.120	0	0
2017-10-31 14:30:00	1998.525	1999.444	1998.373	1999.374	1990.019	1992.377	2010.220	0	0
2017-10-31 14:25:00	1998.076	1998.711	1998.076	1998.516	1989.795	1992.609	2010.335	0	0
2017-10-31 14:20:00	1996.980	1998.210	1996.980	1998.193	1989.622	1992.846	2010.461	0	0
2017-10-31 14:15:00	1996.325	1997.040	1996.316	1996.904	1989.512	1993.081	2010.597	0	0
2017-10-31 14:10:00	1995.325	1996.257	1995.217	1996.198	1989.367	1993.329	2010.736	0	0
2017-10-31 14:05:00	1997.327	1997.358	1995.269	1995.312	1989.245	1993.618	2010.876	0	0
2017-10-31 14:00:00	1994.436	1997.452	1994.436	1997.240	1989.143	1993.920	2011.012	0	0
2017-10-31 13:55:00	1993.027	1994.431	1992.749	1994.431	1989.020	1994.198	2011.130	0	0
2017-10-31 13:50:00	1992.364	1993.043	1992.308	1993.032	1988.969	1994.491	2011.261	0	0
2017-10-31 13:45:00	1990.557	1992.341	1990.496	1992.307	1988.897	1994.777	2011.397	0	0
2017-10-31 13:40:00	1989.985	1990.664	1989.985	1990.528	1988.755	1995.092	2011.524	0	0
2017-10-31 13:35:00	1986.701	1990.022	1986.663	1990.015	1988.689	1995.443	2011.663	0	0
2017-10-31 13:30:00	1985.796	1986.928	1985.796	1986.742	1988.595	1995.798	2011.809	0	0
2017-10-31 13:25:00	1984.753	1985.683	1984.529	1985.683	1988.643	1996.180	2011.972	0	0
2017-10-31 13:20:00	1986.798	1986.851	1984.762	1984.762	1988.720	1996.574	2012.120	0	0
2017-10-31 13:15:00	1986.877	1987.064	1986.688	1986.807	1988.793	1996.994	2012.269	0	0
2017-10-31 13:10:00	1988.460	1988.473	1986.902	1986.902	1988.887	1997.392	2012.404	0	0
2017-10-31 13:05:00	1988.591	1988.711	1988.287	1988.457	1989.036	1997.787	2012.538	0	0
2017-10-31 13:00:00	1989.278	1989.837	1988.604	1988.604	1989.136	1998.159	2012.656	0	0
2017-10-31 12:55:00	1989.157	1989.157	1989.157	1989.157	1989.273	1998.527	2012.766	0	0
2017-10-31 11:30:00	1989.126	1989.126	1989.126	1989.126	1989.426	1998.887	2012.879	0	0
2017-10-31 11:25:00	1988.826	1989.127	1988.304	1989.127	1989.588	1999.246	2012.991	0	0
2017-10-31 11:20:00	1988.090	1988.870	1987.861	1988.840	1989.776	1999.607	2013.103	0	0
2017-10-31 11:15:00	1988.598	1988.621	1988.054	1988.106	1989.966	1999.977	2013.213	0	0
2017-10-31 11:10:00	1988.059	1988.722	1987.973	1988.688	1990.170	2000.351	2013.347	0	0
2017-10-31 11:05:00	1988.578	1988.686	1988.031	1988.111	1990.342	2000.721	2013.490	0	0
2017-10-31 11:00:00	1989.581	1989.722	1988.537	1988.537	1990.516	2001.095	2013.640	0	0
2017-10-31 10:55:00	1988.754	1989.835	1988.752	1989.545	1990.621	2001.451	2013.791	0	0
2017-10-31 10:50:00	1988.403	1988.725	1988.085	1988.714	1990.668	2001.777	2013.935	0	0
2017-10-31 10:45:00	1986.080	1988.461	1986.080	1988.436	1990.752	2002.124	2014.084	0	0
2017-10-31 10:40:00	1985.347	1986.198	1984.768	1986.198	1990.819	2002.486	2014.233	0	0
2017-10-31 10:35:00	1986.482	1986.861	1985.354	1985.354	1990.883	2002.863	2014.396	0	0
2017-10-31 10:30:00	1989.083	1989.097	1986.358	1986.447	1990.950	2003.252	2014.563	0	0
2017-10-31 10:25:00	1989.877	1989.900	1989.053	1989.067	1991.021	2003.651	2014.723	0	0
2017-10-31 10:20:00	1990.852	1990.959	1989.777	1989.910	1991.035	2004.026	2014.869	0	0
2017-10-31 10:15:00	1990.044	1991.031	1990.044	1990.841	1990.998	2004.422	2015.014	0	0
2017-10-31 10:10:00	1989.137	1990.055	1988.949	1990.034	1990.859	2004.816	2015.161	0	0
2017-10-31 10:05:00	1989.560	1989.722	1988.764	1989.038	1990.778	2005.206	2015.308	0	0
2017-10-31 10:00:00	1987.834	1989.908	1987.786	1989.631	1990.723	2005.600	2015.454	0	0
2017-10-31 09:55:00	1988.896	1989.012	1987.550	1987.662	1990.580	2005.988	2015.590	0	0
2017-10-31 09:50:00	1990.984	1991.179	1988.909	1988.909	1990.379	2006.418	2015.728	0	0
2017-10-31 09:45:00	1989.057	1991.112	1988.738	1990.993	1990.230	2006.842	2015.864	0	0
2017-10-31 09:40:00	1992.497	1992.798	1989.115	1989.115	1990.235	2007.246	2015.992	0	0
2017-10-31 09:35:00	1990.688	1992.503	1990.418	1992.503	1990.561	2007.681	2016.125	0	0
2017-10-31 09:30:00	1985.133	1990.666	1985.133	1990.479	1990.914	2008.060	2016.246	0	0
2017-10-31 09:25:00	1985.235	1985.235	1984.981	1984.981	1991.293	2008.461	2016.377	0	0
2017-10-30 15:00:00	1988.481	1988.481	1988.481	1988.481	1991.979	2008.923	2016.528	0	0
2017-10-30 14:55:00	1988.139	1988.288	1987.877	1988.237	1992.673	2009.358	2016.649	0	0
2017-10-30 14:50:00	1988.465	1988.492	1987.768	1988.163	1993.337	2009.794	2016.775	0	0
2017-10-30 14:45:00	1988.200	1988.728	1987.845	1988.488	1994.044	2010.216	2016.905	0	0
2017-10-30 14:40:00	1989.686	1989.686	1988.195	1988.195	1994.735	2010.622	2017.023	0	0
2017-10-30 14:35:00	1992.654	1992.925	1989.891	1989.891	1995.424	2011.044	2017.134	0	0
2017-10-30 14:30:00	1989.692	1992.740	1989.692	1992.654	1996.069	2011.444	2017.240	0	0
2017-10-30 14:25:00	1990.106	1990.285	1989.116	1989.662	1996.651	2011.813	2017.325	0	0
2017-10-30 14:20:00	1990.232	1990.245	1989.298	1990.103	1997.290	2012.205	2017.418	0	0
2017-10-30 14:15:00	1991.094	1991.124	1990.202	1990.202	1997.991	2012.576	2017.516	0	0
2017-10-30 14:10:00	1991.939	1992.027	1991.028	1991.122	1998.698	2012.951	2017.611	0	0
2017-10-30 14:05:00	1989.454	1992.080	1989.454	1991.884	1999.375	2013.328	2017.698	0	0
2017-10-30 14:00:00	1985.171	1989.406	1984.519	1989.406	2000.012	2013.693	2017.773	0	0
2017-10-30 13:55:00	1987.338	1987.435	1985.182	1985.208	2000.657	2014.089	2017.859	0	0
2017-10-30 13:50:00	1985.475	1987.431	1985.186	1987.225	2001.429	2014.544	2017.960	0	0
2017-10-30 13:45:00	1989.132	1989.233	1985.342	1985.342	2002.196	2014.985	2018.043	0	0
2017-10-30 13:40:00	1989.686	1990.298	1989.121	1989.121	2003.002	2015.457	2018.122	0	0
2017-10-30 13:35:00	1988.320	1989.650	1988.171	1989.547	2003.717	2015.885	2018.183	0	0
2017-10-30 13:30:00	1991.455	1991.455	1988.386	1988.386	2004.428	2016.291	2018.240	0	0
2017-10-30 13:25:00	1994.375	1994.547	1991.504	1991.504	2005.195	2016.698	2018.299	0	0
2017-10-30 13:20:00	1993.475	1994.444	1993.358	1994.351	2005.898	2017.078	2018.347	0	0
2017-10-30 13:15:00	1995.400	1995.404	1993.441	1993.466	2006.539	2017.439	2018.379	0	0
2017-10-30 13:10:00	1996.876	1996.999	1995.448	1995.448	2007.182	2017.815	2018.399	0	0
2017-10-30 13:05:00	1997.114	1997.349	1996.840	1996.840	2007.781	2018.170	2018.416	0	0
2017-10-30 13:00:00	1998.570	1998.619	1996.796	1997.186	2008.348	2018.526	2018.426	0	0
2017-10-30 12:55:00	1998.541	1998.541	1998.541	1998.541	2008.905	2018.874	2018.435	0	0
2017-10-30 11:30:00	1998.330	1998.330	1998.330	1998.330	2009.438	2019.220	2018.427	0	0
2017-10-30 11:25:00	1997.293	1998.335	1997.229	1998.315	2009.988	2019.578	2018.438	0	0
2017-10-30 11:20:00	1996.785	1997.389	1996.785	1997.321	2010.533	2019.938	2018.457	0	0
2017-10-30 11:15:00	1993.873	1996.885	1993.873	1996.800	2011.099	2020.310	2018.480	0	0
2017-10-30 11:10:00	1991.937	1993.805	1991.762	1993.799	2011.675	2020.676	2018.498	0	0
2017-10-30 11:05:00	1992.870	1993.033	1991.772	1991.856	2012.281	2021.071	2018.537	0	0
2017-10-30 11:00:00	1991.843	1993.084	1991.777	1992.942	2012.887	2021.486	2018.595	0	0
2017-10-30 10:55:00	1989.553	1991.762	1989.553	1991.762	2013.497	2021.878	2018.652	0	0
2017-10-30 10:50:00	1988.747	1989.402	1988.573	1989.402	2014.154	2022.258	2018.723	0	0
2017-10-30 10:45:00	1989.938	1990.140	1988.277	1988.704	2014.843	2022.663	2018.805	0	0
2017-10-30 10:40:00	1989.847	1990.009	1989.144	1990.000	2015.554	2023.066	2018.890	0	0
2017-10-30 10:35:00	1988.158	1990.492	1988.158	1989.767	2016.281	2023.447	2018.969	0	0
2017-10-30 10:30:00	1983.835	1988.079	1983.671	1988.079	2017.018	2023.832	2019.050	0	0
2017-10-30 10:25:00	1985.829	1985.829	1983.734	1983.900	2017.846	2024.252	2019.143	0	0
2017-10-30 10:20:00	1986.315	1988.027	1985.931	1985.957	2018.773	2024.716	2019.260	0	0
2017-10-30 10:15:00	1982.495	1986.303	1982.253	1986.303	2019.634	2025.170	2019.368	0	0
2017-10-30 10:10:00	1977.751	1982.562	1977.751	1982.454	2020.476	2025.611	2019.473	0	0
2017-10-30 10:05:00	1981.313	1981.313	1971.629	1977.648	2021.396	2026.062	2019.591	0	0
2017-10-30 10:00:00	1990.983	1990.983	1981.441	1981.441	2022.456	2026.574	2019.738	0	0
2017-10-30 09:55:00	2005.219	2005.219	1991.228	1991.228	2023.453	2027.051	2019.865	0	0
2017-10-30 09:50:00	2010.173	2010.173	2005.401	2005.401	2024.257	2027.413	2019.946	0	0
2017-10-30 09:45:00	2009.334	2010.322	2008.069	2010.166	2024.802	2027.635	2019.954	0	0
2017-10-30 09:40:00	2019.186	2019.288	2009.454	2009.454	2025.207	2027.811	2019.944	0	0
2017-10-30 09:35:00	2023.095	2023.573	2019.280	2019.280	2025.629	2027.973	2019.946	0	0
2017-10-30 09:30:00	2021.441	2023.283	2020.884	2023.166	2025.868	2028.019	2019.891	0	0
2017-10-30 09:25:00	2021.526	2021.526	2021.451	2021.451	2026.043	2028.044	2019.823	0	0
2017-10-27 15:00:00	2023.500	2023.500	2023.500	2023.500	2026.250	2028.085	2019.770	0	0
2017-10-27 14:55:00	2022.624	2023.117	2022.496	2023.022	2026.389	2028.085	2019.701	0	0
2017-10-27 14:50:00	2022.161	2022.641	2021.706	2022.641	2026.510	2028.064	2019.636	0	0
2017-10-27 14:45:00	2021.739	2022.616	2021.739	2022.167	2026.664	2028.061	2019.572	0	0
2017-10-27 14:40:00	2021.577	2021.751	2020.681	2021.751	2026.819	2028.076	2019.511	0	0
2017-10-27 14:35:00	2025.061	2025.239	2021.585	2021.627	2026.975	2028.112	2019.442	0	0
2017-10-27 14:30:00	2025.484	2025.710	2025.145	2025.145	2027.119	2028.143	2019.364	0	0
2017-10-27 14:25:00	2024.943	2026.510	2024.943	2025.543	2027.161	2028.134	2019.276	0	0
2017-10-27 14:20:00	2023.815	2025.004	2023.815	2024.957	2027.204	2028.103	2019.196	0	0
2017-10-27 14:15:00	2021.621	2023.864	2021.453	2023.763	2027.281	2028.063	2019.131	0	0
2017-10-27 14:10:00	2023.687	2023.703	2021.644	2021.646	2027.375	2028.032	2019.070	0	0
2017-10-27 14:05:00	2025.521	2025.558	2023.790	2023.790	2027.521	2028.017	2019.016	0	0
2017-10-27 14:00:00	2025.518	2026.321	2025.518	2025.600	2027.659	2027.956	2018.947	0	0
2017-10-27 13:55:00	2024.878	2025.668	2024.619	2025.613	2027.775	2027.883	2018.871	0	0
2017-10-27 13:50:00	2025.033	2025.079	2024.636	2024.905	2027.912	2027.819	2018.799	0	0
2017-10-27 13:45:00	2026.715	2026.824	2025.047	2025.062	2028.052	2027.764	2018.725	0	0
2017-10-27 13:40:00	2026.681	2027.009	2026.588	2026.769	2028.154	2027.667	2018.644	0	0
2017-10-27 13:35:00	2026.397	2026.715	2026.315	2026.651	2028.201	2027.544	2018.549	0	0
2017-10-27 13:30:00	2025.513	2026.384	2025.436	2026.384	2028.258	2027.416	2018.450	0	0
2017-10-27 13:25:00	2025.381	2025.618	2025.355	2025.596	2028.339	2027.289	2018.349	0	0
2017-10-27 13:20:00	2025.270	2025.522	2025.176	2025.410	2028.448	2027.153	2018.251	0	0
2017-10-27 13:15:00	2025.054	2025.307	2024.694	2025.222	2028.559	2027.004	2018.167	0	0
2017-10-27 13:10:00	2025.275	2025.275	2024.930	2025.028	2028.703	2026.871	2018.082	0	0
2017-10-27 13:05:00	2025.804	2026.158	2025.171	2025.205	2028.844	2026.736	2017.996	0	0
2017-10-27 13:00:00	2025.708	2025.899	2025.522	2025.814	2029.002	2026.599	2017.911	0	0
2017-10-27 12:55:00	2025.561	2025.561	2025.561	2025.561	2029.167	2026.449	2017.826	0	0
2017-10-27 11:30:00	2025.603	2025.603	2025.603	2025.603	2029.344	2026.342	2017.739	0	0
2017-10-27 11:25:00	2024.095	2025.595	2024.068	2025.595	2029.520	2026.260	2017.645	0	0
2017-10-27 11:20:00	2022.112	2024.134	2022.112	2024.134	2029.677	2026.184	2017.550	0	0
2017-10-27 11:15:00	2023.345	2023.356	2022.044	2022.132	2029.861	2026.130	2017.466	0	0
2017-10-27 11:10:00	2024.587	2024.754	2023.379	2023.429	2030.086	2026.093	2017.387	0	0
2017-10-27 11:05:00	2023.924	2024.627	2023.635	2024.613	2030.260	2026.043	2017.299	0	0
2017-10-27 11:00:00	2024.249	2024.322	2023.839	2023.858	2030.363	2025.981	2017.199	0	0
2017-10-27 10:55:00	2026.419	2026.419	2023.634	2024.248	2030.483	2025.929	2017.104	0	0
2017-10-27 10:50:00	2026.690	2026.990	2026.391	2026.391	2030.578	2025.873	2017.007	0	0
2017-10-27 10:45:00	2029.339	2029.339	2026.557	2026.589	2030.612	2025.794	2016.899	0	0
2017-10-27 10:40:00	2030.262	2030.403	2029.464	2029.495	2030.647	2025.712	2016.789	0	0
2017-10-27 10:35:00	2029.039	2030.316	2028.984	2030.252	2030.658	2025.606	2016.660	0	0
2017-10-27 10:30:00	2028.409	2029.115	2028.378	2029.016	2030.658	2025.506	2016.524	0	0
2017-10-27 10:25:00	2028.491	2028.498	2028.092	2028.401	2030.706	2025.410	2016.399	0	0
2017-10-27 10:20:00	2030.647	2030.661	2028.452	2028.452	2030.745	2025.309	2016.277	0	0
2017-10-27 10:15:00	2031.328	2031.368	2030.632	2030.632	2030.728	2025.192	2016.155	0	0
2017-10-27 10:10:00	2031.322	2031.375	2030.739	2031.299	2030.692	2025.039	2016.025	0	0
2017-10-27 10:05:00	2032.563	2032.701	2031.410	2031.410	2030.648	2024.885	2015.893	0	0
2017-10-27 10:00:00	2030.386	2032.760	2030.363	2032.676	2030.570	2024.738	2015.759	0	0
2017-10-27 09:55:00	2030.499	2030.509	2029.509	2030.382	2030.469	2024.568	2015.616	0	0
2017-10-27 09:50:00	2031.153	2031.252	2030.586	2030.591	2030.415	2024.431	2015.486	0	0
2017-10-27 09:45:00	2031.884	2031.909	2031.068	2031.191	2030.316	2024.293	2015.350	0	0
2017-10-27 09:40:00	2031.855	2032.718	2031.855	2031.946	2030.170	2024.132	2015.209	0	0
2017-10-27 09:35:00	2030.579	2031.783	2030.497	2031.783	2030.044	2023.940	2015.057	0	0
2017-10-27 09:30:00	2029.228	2030.506	2027.889	2030.436	2029.921	2023.757	2014.899	0	0
2017-10-27 09:25:00	2029.089	2029.096	2029.089	2029.096	2029.781	2023.594	2014.746	0	0
2017-10-26 15:00:00	2030.351	2030.351	2030.351	2030.351	2029.619	2023.424	2014.611	0	0
2017-10-26 14:55:00	2029.651	2029.901	2029.418	2029.884	2029.458	2023.224	2014.476	0	0
2017-10-26 14:50:00	2028.945	2029.551	2028.945	2029.551	2029.334	2023.037	2014.348	0	0
2017-10-26 14:45:00	2027.213	2028.913	2027.205	2028.851	2029.249	2022.837	2014.216	0	0
2017-10-26 14:40:00	2027.634	2027.790	2026.469	2027.252	2029.168	2022.631	2014.082	0	0
2017-10-26 14:35:00	2028.892	2028.892	2027.693	2027.693	2029.106	2022.455	2013.958	0	0
2017-10-26 14:30:00	2028.516	2029.066	2028.437	2028.800	2029.002	2022.271	2013.833	0	0
2017-10-26 14:25:00	2028.875	2028.875	2027.770	2028.440	2028.844	2022.069	2013.685	0	0
2017-10-26 14:20:00	2030.662	2030.666	2028.964	2028.964	2028.690	2021.852	2013.539	0	0
2017-10-26 14:15:00	2031.305	2031.420	2030.502	2030.681	2028.513	2021.628	2013.393	0	0
2017-10-26 14:10:00	2032.423	2032.423	2031.353	2031.401	2028.254	2021.377	2013.236	0	0
2017-10-26 14:05:00	2031.869	2032.493	2031.842	2032.493	2027.992	2021.100	2013.073	0	0
2017-10-26 14:00:00	2030.151	2031.899	2030.151	2031.899	2027.726	2020.786	2012.897	0	0
2017-10-26 13:55:00	2029.151	2030.137	2029.126	2030.137	2027.475	2020.482	2012.720	0	0
2017-10-26 13:50:00	2029.472	2029.547	2028.463	2029.118	2027.180	2020.190	2012.551	0	0
2017-10-26 13:45:00	2030.431	2030.531	2029.394	2029.503	2026.888	2019.900	2012.389	0	0
2017-10-26 13:40:00	2031.108	2031.608	2030.453	2030.453	2026.574	2019.616	2012.219	0	0
2017-10-26 13:35:00	2030.866	2031.029	2030.184	2031.029	2026.238	2019.319	2012.042	0	0
2017-10-26 13:30:00	2032.452	2032.556	2030.909	2030.947	2025.859	2018.984	2011.862	0	0
2017-10-26 13:25:00	2032.031	2032.432	2031.792	2032.431	2025.450	2018.662	2011.676	0	0
2017-10-26 13:20:00	2033.050	2033.080	2031.970	2032.075	2025.040	2018.327	2011.483	0	0
2017-10-26 13:15:00	2034.199	2034.545	2033.077	2033.115	2024.629	2017.996	2011.285	0	0
2017-10-26 13:10:00	2034.352	2034.367	2033.855	2034.082	2024.195	2017.633	2011.073	0	0
2017-10-26 13:05:00	2034.428	2034.489	2033.947	2034.382	2023.731	2017.299	2010.855	0	0
2017-10-26 13:00:00	2034.008	2035.270	2034.008	2034.441	2023.341	2016.975	2010.633	0	0
2017-10-26 12:55:00	2033.408	2033.408	2033.408	2033.408	2023.000	2016.651	2010.407	0	0
2017-10-26 11:30:00	2033.369	2033.369	2033.369	2033.369	2022.692	2016.321	2010.189	0	0
2017-10-26 11:25:00	2032.135	2033.388	2032.023	2033.369	2022.398	2016.002	2009.978	0	0
2017-10-26 11:20:00	2029.695	2032.284	2029.695	2032.124	2022.100	2015.703	2009.767	0	0
2017-10-26 11:15:00	2029.818	2029.885	2029.460	2029.748	2021.825	2015.427	2009.561	0	0
2017-10-26 11:10:00	2029.182	2029.880	2029.129	2029.854	2021.599	2015.187	2009.370	0	0
2017-10-26 11:05:00	2028.223	2029.090	2028.109	2029.016	2021.376	2014.947	2009.177	0	0
2017-10-26 11:00:00	2028.349	2028.349	2027.907	2028.109	2021.168	2014.715	2008.982	0	0
2017-10-26 10:55:00	2030.061	2030.061	2028.322	2028.322	2020.976	2014.491	2008.789	0	0
2017-10-26 10:50:00	2030.238	2030.287	2029.900	2030.031	2020.777	2014.267	2008.588	0	0
2017-10-26 10:45:00	2031.447	2031.680	2030.285	2030.285	2020.554	2014.034	2008.377	0	0
2017-10-26 10:40:00	2030.428	2031.484	2030.428	2031.384	2020.353	2013.805	2008.166	0	0
2017-10-26 10:35:00	2027.527	2030.394	2027.484	2030.389	2020.115	2013.566	2007.941	0	0
2017-10-26 10:30:00	2028.853	2028.853	2027.554	2027.554	2019.873	2013.335	2007.720	0	0
2017-10-26 10:25:00	2029.067	2029.783	2028.877	2028.877	2019.657	2013.120	2007.512	0	0
2017-10-26 10:20:00	2027.478	2029.088	2027.478	2029.085	2019.386	2012.901	2007.301	0	0
2017-10-26 10:15:00	2027.707	2027.748	2026.833	2027.492	2019.123	2012.680	2007.093	0	0
2017-10-26 10:10:00	2027.745	2028.399	2027.598	2027.616	2018.906	2012.478	2006.892	0	0
2017-10-26 10:05:00	2025.828	2027.714	2025.785	2027.682	2018.668	2012.273	2006.685	0	0
2017-10-26 10:00:00	2023.937	2025.668	2023.570	2025.665	2018.448	2012.078	2006.476	0	0
2017-10-26 09:55:00	2025.658	2025.701	2023.666	2023.907	2018.270	2011.919	2006.268	0	0
2017-10-26 09:50:00	2025.625	2026.092	2025.436	2025.645	2018.094	2011.763	2006.071	0	0
2017-10-26 09:45:00	2023.438	2025.612	2023.341	2025.612	2017.836	2011.601	2005.869	0	0
2017-10-26 09:40:00	2020.985	2023.456	2020.740	2023.456	2017.592	2011.455	2005.663	0	0
2017-10-26 09:35:00	2022.401	2022.426	2020.958	2020.971	2017.406	2011.318	2005.474	0	0
2017-10-26 09:30:00	2023.601	2023.601	2021.301	2022.318	2017.229	2011.207	2005.297	0	0
2017-10-26 09:25:00	2023.618	2023.656	2023.618	2023.656	2016.990	2011.082	2005.118	0	0
2017-10-25 15:00:00	2025.317	2025.317	2025.317	2025.317	2016.740	2010.945	2004.938	0	0
2017-10-25 14:55:00	2024.161	2024.791	2024.150	2024.783	2016.426	2010.772	2004.747	0	0
2017-10-25 14:50:00	2022.561	2024.254	2022.509	2024.166	2016.094	2010.585	2004.540	0	0
2017-10-25 14:45:00	2020.970	2022.505	2020.887	2022.505	2015.804	2010.418	2004.334	0	0
2017-10-25 14:40:00	2020.664	2021.055	2020.588	2020.905	2015.539	2010.288	2004.134	0	0
2017-10-25 14:35:00	2020.164	2020.828	2020.150	2020.707	2015.293	2010.199	2003.927	0	0
2017-10-25 14:30:00	2017.705	2020.121	2017.685	2020.121	2015.015	2010.108	2003.731	0	0
2017-10-25 14:25:00	2018.325	2018.569	2017.625	2017.750	2014.744	2010.015	2003.536	0	0
2017-10-25 14:20:00	2019.100	2019.100	2018.267	2018.291	2014.500	2009.938	2003.344	0	0
2017-10-25 14:15:00	2019.377	2019.431	2019.170	2019.180	2014.208	2009.858	2003.172	0	0
2017-10-25 14:10:00	2015.330	2019.399	2015.269	2019.376	2013.847	2009.780	2002.994	0	0
2017-10-25 14:05:00	2014.522	2015.355	2014.520	2015.355	2013.488	2009.687	2002.814	0	0
2017-10-25 14:00:00	2013.816	2014.541	2013.709	2014.541	2013.201	2009.621	2002.646	0	0
2017-10-25 13:55:00	2013.732	2013.849	2013.571	2013.793	2012.912	2009.553	2002.491	0	0
2017-10-25 13:50:00	2012.077	2013.727	2012.077	2013.672	2012.658	2009.485	2002.346	0	0
2017-10-25 13:45:00	2010.545	2012.058	2010.527	2012.058	2012.400	2009.410	2002.189	0	0
2017-10-25 13:40:00	2011.905	2011.905	2010.502	2010.508	2012.108	2009.348	2002.054	0	0
2017-10-25 13:35:00	2011.551	2011.932	2011.546	2011.932	2011.875	2009.330	2001.925	0	0
2017-10-25 13:30:00	2011.422	2011.657	2011.045	2011.505	2011.614	2009.292	2001.795	0	0
2017-10-25 13:25:00	2010.855	2011.987	2010.779	2011.451	2011.363	2009.257	2001.680	0	0
2017-10-25 13:20:00	2014.798	2014.798	2010.736	2010.860	2011.070	2009.224	2001.575	0	0
2017-10-25 13:15:00	2017.367	2017.493	2014.868	2014.868	2010.866	2009.203	2001.481	0	0
2017-10-25 13:10:00	2018.060	2018.078	2017.403	2017.403	2010.610	2009.136	2001.370	0	0
2017-10-25 13:05:00	2018.705	2018.767	2017.954	2018.007	2010.302	2009.031	2001.247	0	0
2017-10-25 13:00:00	2018.721	2019.021	2018.658	2018.683	2009.950	2008.916	2001.113	0	0
2017-10-25 12:55:00	2018.454	2018.454	2018.454	2018.454	2009.606	2008.801	2000.961	0	0
2017-10-25 11:30:00	2018.404	2018.404	2018.404	2018.404	2009.306	2008.682	2000.820	0	0
2017-10-25 11:25:00	2018.667	2018.687	2018.224	2018.402	2009.028	2008.555	2000.682	0	0
2017-10-25 11:20:00	2018.645	2018.883	2018.456	2018.741	2008.776	2008.418	2000.540	0	0
2017-10-25 11:15:00	2018.551	2018.932	2018.551	2018.627	2008.517	2008.279	2000.392	0	0
2017-10-25 11:10:00	2018.396	2018.504	2018.007	2018.504	2008.261	2008.141	2000.239	0	0
2017-10-25 11:05:00	2018.941	2018.990	2018.225	2018.351	2008.006	2008.003	2000.094	0	0
2017-10-25 11:00:00	2020.216	2020.227	2018.905	2018.905	2007.758	2007.867	1999.953	0	0
2017-10-25 10:55:00	2019.567	2020.391	2019.542	2020.223	2007.514	2007.713	1999.818	0	0
2017-10-25 10:50:00	2018.327	2019.648	2018.323	2019.476	2007.256	2007.543	1999.678	0	0
2017-10-25 10:45:00	2016.776	2018.326	2016.625	2018.265	2007.017	2007.388	1999.541	0	0
2017-10-25 10:40:00	2015.404	2016.785	2015.285	2016.770	2006.797	2007.244	1999.411	0	0
2017-10-25 10:35:00	2015.890	2015.923	2015.253	2015.322	2006.583	2007.117	1999.283	0	0
2017-10-25 10:30:00	2016.583	2016.665	2015.848	2015.941	2006.416	2007.011	1999.162	0	0
2017-10-25 10:25:00	2015.734	2016.679	2015.552	2016.626	2006.237	2006.900	1999.040	0	0
2017-10-25 10:20:00	2016.646	2016.726	2015.670	2015.756	2006.050	2006.781	1998.922	0	0
2017-10-25 10:15:00	2016.823	2017.257	2016.457	2016.643	2005.877	2006.663	1998.807	0	0
2017-10-25 10:10:00	2015.163	2016.775	2015.115	2016.775	2005.709	2006.540	1998.677	0	0
2017-10-25 10:05:00	2012.766	2015.102	2012.578	2015.091	2005.568	2006.408	1998.551	0	0
2017-10-25 10:00:00	2013.347	2013.419	2012.668	2012.749	2005.433	2006.286	1998.434	0	0
2017-10-25 09:55:00	2014.258	2014.370	2013.397	2013.449	2005.367	2006.175	1998.302	0	0
2017-10-25 09:50:00	2012.120	2014.153	2012.086	2014.153	2005.318	2006.041	1998.172	0	0
2017-10-25 09:45:00	2010.402	2012.230	2010.402	2012.096	2005.229	2005.898	1998.042	0	0
2017-10-25 09:40:00	2011.129	2011.129	2009.392	2010.378	2005.185	2005.799	1997.908	0	0
2017-10-25 09:35:00	2009.601	2011.266	2009.577	2011.148	2005.174	2005.729	1997.797	0	0
2017-10-25 09:30:00	2008.241	2009.696	2007.325	2009.613	2005.150	2005.660	1997.698	0	0
2017-10-25 09:25:00	2008.306	2008.306	2008.197	2008.197	2005.119	2005.594	1997.599	0	0
2017-10-24 15:00:00	2009.652	2009.652	2009.652	2009.652	2005.076	2005.533	1997.536	0	0
2017-10-24 14:55:00	2008.588	2009.274	2008.588	2009.274	2005.032	2005.460	1997.474	0	0
2017-10-24 14:50:00	2006.761	2008.636	2006.702	2008.602	2005.037	2005.394	1997.406	0	0
2017-10-24 14:45:00	2006.489	2007.188	2006.489	2006.789	2005.106	2005.301	1997.353	0	0
2017-10-24 14:40:00	2005.560	2006.586	2005.503	2006.586	2005.201	2005.226	1997.318	0	0
2017-10-24 14:35:00	2003.754	2005.678	2003.740	2005.542	2005.286	2005.157	1997.282	0	0
2017-10-24 14:30:00	2001.083	2003.690	2001.069	2003.690	2005.377	2005.095	1997.250	0	0
2017-10-24 14:25:00	2001.511	2001.605	2001.134	2001.146	2005.508	2005.046	1997.234	0	0
2017-10-24 14:20:00	2000.965	2001.453	2000.355	2001.446	2005.712	2005.008	1997.219	0	0
2017-10-24 14:15:00	2000.215	2001.081	2000.164	2000.984	2005.885	2004.958	1997.212	0	0
2017-10-24 14:10:00	2001.109	2001.165	2000.109	2000.109	2006.041	2004.911	1997.207	0	0
2017-10-24 14:05:00	2000.734	2001.352	2000.721	2001.057	2006.194	2004.878	1997.204	0	0
2017-10-24 14:00:00	1997.498	2000.767	1997.467	2000.767	2006.312	2004.822	1997.195	0	0
2017-10-24 13:55:00	1998.882	1999.184	1997.493	1997.493	2006.420	2004.766	1997.184	0	0
2017-10-24 13:50:00	1998.860	1998.868	1998.071	1998.842	2006.588	2004.741	1997.179	0	0
2017-10-24 13:45:00	1998.950	1999.141	1998.854	1998.896	2006.786	2004.690	1997.176	0	0
2017-10-24 13:40:00	1996.768	1998.993	1996.768	1998.935	2006.970	2004.638	1997.190	0	0
2017-10-24 13:35:00	2000.639	2000.716	1996.829	1996.829	2007.151	2004.575	1997.221	0	0
2017-10-24 13:30:00	2002.017	2002.078	2000.662	2000.662	2007.378	2004.514	1997.276	0	0
2017-10-24 13:25:00	2002.072	2002.208	2001.899	2002.056	2007.539	2004.411	1997.316	0	0
2017-10-24 13:20:00	2000.386	2002.032	2000.287	2002.013	2007.662	2004.291	1997.359	0	0
2017-10-24 13:15:00	2001.432	2001.582	2000.343	2000.377	2007.759	2004.163	1997.401	0	0
2017-10-24 13:10:00	2003.447	2003.479	2001.152	2001.484	2007.881	2004.058	1997.448	0	0
2017-10-24 13:05:00	2004.611	2004.611	2003.470	2003.470	2007.997	2003.954	1997.496	0	0
2017-10-24 13:00:00	2005.922	2005.929	2004.476	2004.502	2008.057	2003.831	1997.536	0	0
2017-10-24 12:55:00	2005.812	2005.812	2005.812	2005.812	2008.082	2003.696	1997.569	0	0
2017-10-24 11:30:00	2005.792	2005.792	2005.792	2005.792	2008.060	2003.553	1997.602	0	0
2017-10-24 11:25:00	2005.714	2005.974	2005.623	2005.830	2008.041	2003.407	1997.636	0	0
2017-10-24 11:20:00	2005.922	2005.974	2005.613	2005.745	2008.020	2003.250	1997.672	0	0
2017-10-24 11:15:00	2006.621	2006.621	2005.835	2005.944	2007.999	2003.087	1997.712	0	0
2017-10-24 11:10:00	2007.292	2007.461	2006.678	2006.699	2007.975	2002.908	1997.754	0	0
2017-10-24 11:05:00	2007.424	2007.542	2007.253	2007.319	2007.912	2002.721	1997.790	0	0
2017-10-24 11:00:00	2007.240	2007.600	2007.115	2007.526	2007.830	2002.527	1997.819	0	0
2017-10-24 10:55:00	2006.101	2007.279	2006.086	2007.270	2007.760	2002.316	1997.843	0	0
2017-10-24 10:50:00	2006.910	2006.910	2005.880	2006.090	2007.692	2002.105	1997.866	0	0
2017-10-24 10:45:00	2006.979	2007.361	2006.860	2006.946	2007.651	2001.904	1997.896	0	0
2017-10-24 10:40:00	2007.240	2007.406	2006.971	2006.990	2007.607	2001.701	1997.921	0	0
2017-10-24 10:35:00	2007.127	2007.349	2006.320	2007.279	2007.563	2001.505	1997.937	0	0
2017-10-24 10:30:00	2008.245	2008.245	2007.022	2007.126	2007.512	2001.307	1997.954	0	0
2017-10-24 10:25:00	2009.811	2009.868	2008.230	2008.230	2007.449	2001.096	1997.975	0	0
2017-10-24 10:20:00	2008.400	2009.872	2008.366	2009.727	2007.371	2000.873	1997.995	0	0
2017-10-24 10:15:00	2009.490	2009.552	2008.286	2008.353	2007.247	2000.617	1998.010	0	0
2017-10-24 10:10:00	2011.027	2011.299	2009.432	2009.444	2007.139	2000.379	1998.030	0	0
2017-10-24 10:05:00	2009.611	2011.142	2009.577	2011.009	2006.983	2000.137	1998.044	0	0
2017-10-24 10:00:00	2009.980	2010.038	2009.533	2009.701	2006.763	1999.870	1998.055	0	0
2017-10-24 09:55:00	2009.839	2009.967	2009.623	2009.901	2006.567	1999.630	1998.070	0	0
2017-10-24 09:50:00	2010.122	2010.427	2009.547	2009.785	2006.413	1999.388	1998.078	0	0
2017-10-24 09:45:00	2007.952	2009.988	2007.447	2009.988	2006.284	1999.155	1998.082	0	0
2017-10-24 09:40:00	2006.012	2008.519	2005.711	2008.062	2006.169	1998.931	1998.092	0	0
2017-10-24 09:35:00	2007.523	2007.905	2005.947	2006.016	2006.069	1998.721	1998.108	0	0
2017-10-24 09:30:00	2008.356	2008.356	2005.666	2007.484	2005.989	1998.496	1998.129	0	0
2017-10-24 09:25:00	2009.548	2009.548	2009.505	2009.505	2005.889	1998.250	1998.143	0	0
2017-10-23 15:00:00	2012.052	2012.052	2012.052	2012.052	2005.752	1997.980	1998.150	0	0
2017-10-23 14:55:00	2010.931	2011.580	2010.855	2011.537	2005.496	1997.654	1998.139	0	0
2017-10-23 14:50:00	2010.021	2010.869	2010.021	2010.863	2005.252	1997.354	1998.135	0	0
2017-10-23 14:45:00	2010.304	2010.499	2010.022	2010.070	2005.028	1997.057	1998.137	0	0
2017-10-23 14:40:00	2011.296	2011.374	2010.055	2010.248	2004.813	1996.751	1998.146	0	0
2017-10-23 14:35:00	2010.107	2011.418	2010.107	2011.357	2004.584	1996.485	1998.151	0	0
2017-10-23 14:30:00	2008.702	2010.080	2008.702	2010.067	2004.304	1996.209	1998.155	0	0
2017-10-23 14:25:00	2007.668	2008.853	2007.668	2008.783	2004.032	1995.942	1998.159	0	0
2017-10-23 14:20:00	2006.924	2007.784	2006.879	2007.784	2003.782	1995.671	1998.156	0	0
2017-10-23 14:15:00	2006.230	2006.952	2006.083	2006.923	2003.563	1995.429	1998.157	0	0
2017-10-23 14:10:00	2005.910	2006.170	2005.653	2006.170	2003.332	1995.208	1998.162	0	0
2017-10-23 14:05:00	2008.639	2008.730	2005.917	2005.928	2003.112	1994.968	1998.165	0	0
2017-10-23 14:00:00	2008.102	2008.874	2008.102	2008.721	2002.894	1994.759	1998.158	0	0
2017-10-23 13:55:00	2008.006	2008.138	2007.839	2008.095	2002.594	1994.520	1998.142	0	0
2017-10-23 13:50:00	2008.216	2008.230	2007.893	2007.985	2002.306	1994.299	1998.126	0	0
2017-10-23 13:45:00	2008.794	2008.820	2008.125	2008.167	2001.998	1994.103	1998.120	0	0
2017-10-23 13:40:00	2008.198	2009.040	2008.198	2008.748	2001.650	1993.926	1998.117	0	0
2017-10-23 13:35:00	2006.946	2008.210	2006.940	2008.210	2001.284	1993.760	1998.104	0	0
2017-10-23 13:30:00	2006.502	2006.837	2006.326	2006.837	2000.919	1993.603	1998.088	0	0
2017-10-23 13:25:00	2007.333	2007.466	2006.493	2006.493	2000.567	1993.463	1998.096	0	0
2017-10-23 13:20:00	2006.401	2007.432	2006.397	2007.267	2000.235	1993.310	1998.105	0	0
2017-10-23 13:15:00	2005.880	2006.567	2005.727	2006.494	1999.910	1993.121	1998.103	0	0
2017-10-23 13:10:00	2004.753	2005.775	2004.753	2005.746	1999.605	1992.958	1998.112	0	0
2017-10-23 13:05:00	2004.754	2004.953	2004.518	2004.697	1999.309	1992.808	1998.126	0	0
2017-10-23 13:00:00	2005.060	2005.438	2004.785	2004.860	1999.047	1992.662	1998.155	0	0
2017-10-23 12:55:00	2004.747	2004.747	2004.747	2004.747	1998.773	1992.506	1998.190	0	0
2017-10-23 11:30:00	2004.727	2004.727	2004.727	2004.727	1998.479	1992.338	1998.233	0	0
2017-10-23 11:25:00	2003.588	2004.729	2003.544	2004.729	1998.174	1992.185	1998.268	0	0
2017-10-23 11:20:00	2003.176	2003.640	2003.056	2003.560	1997.840	1992.039	1998.296	0	0
2017-10-23 11:15:00	2004.057	2004.057	2003.126	2003.190	1997.529	1991.922	1998.331	0	0
2017-10-23 11:10:00	2003.838	2004.070	2003.554	2004.016	1997.225	1991.813	1998.372	0	0
2017-10-23 11:05:00	2004.150	2004.336	2003.781	2003.874	1996.873	1991.694	1998.408	0	0
2017-10-23 11:00:00	2004.791	2004.878	2004.063	2004.063	1996.519	1991.578	1998.448	0	0
2017-10-23 10:55:00	2004.845	2004.907	2004.539	2004.748	1996.158	1991.449	1998.492	0	0
2017-10-23 10:50:00	2004.713	2005.532	2004.699	2004.807	1995.795	1991.312	1998.535	0	0
2017-10-23 10:45:00	2003.975	2004.717	2003.748	2004.688	1995.447	1991.180	1998.578	0	0
2017-10-23 10:40:00	2004.356	2005.140	2003.986	2004.005	1995.102	1991.062	1998.621	0	0
2017-10-23 10:35:00	2003.610	2004.344	2003.522	2004.343	1994.744	1990.951	1998.667	0	0
2017-10-23 10:30:00	2002.972	2003.615	2002.682	2003.521	1994.375	1990.813	1998.698	0	0
2017-10-23 10:25:00	2001.582	2002.952	2001.582	2002.925	1993.987	1990.695	1998.735	0	0
2017-10-23 10:20:00	2000.003	2001.657	1999.666	2001.657	1993.619	1990.582	1998.769	0	0
2017-10-23 10:15:00	1999.839	2000.698	1999.839	2000.019	1993.290	1990.430	1998.791	0	0
2017-10-23 10:10:00	2002.299	2002.308	1999.730	1999.870	1992.977	1990.302	1998.821	0	0
2017-10-23 10:05:00	2003.397	2003.524	2002.220	2002.220	1992.694	1990.186	1998.856	0	0
2017-10-23 10:00:00	2004.169	2004.227	2003.311	2003.343	1992.362	1990.018	1998.874	0	0
2017-10-23 09:55:00	2003.079	2004.215	2003.074	2004.213	1992.026	1989.865	1998.877	0	0
2017-10-23 09:50:00	2002.232	2003.118	2002.136	2003.070	1991.693	1989.736	1998.867	0	0
2017-10-23 09:45:00	2002.576	2002.856	2001.886	2002.043	1991.373	1989.604	1998.858	0	0
2017-10-23 09:40:00	2002.630	2002.688	2001.626	2002.446	1991.003	1989.540	1998.851	0	0
2017-10-23 09:35:00	1999.365	2003.211	1999.365	2002.668	1990.611	1989.488	1998.844	0	0
2017-10-23 09:30:00	1999.478	1999.633	1997.817	1999.249	1990.207	1989.417	1998.846	0	0
2017-10-23 09:25:00	1999.288	1999.344	1999.288	1999.344	1989.812	1989.405	1998.865	0	0
2017-10-20 15:00:00	1999.678	1999.678	1999.678	1999.678	1989.457	1989.409	1998.887	0	0
2017-10-20 14:55:00	1998.798	1999.367	1998.798	1999.310	1989.086	1989.406	1998.894	0	0
2017-10-20 14:50:00	1997.310	1998.899	1997.249	1998.813	1988.688	1989.405	1998.904	0	0
2017-10-20 14:45:00	1996.477	1997.337	1996.477	1997.321	1988.386	1989.421	1998.896	0	0
2017-10-20 14:40:00	1996.354	1996.500	1996.165	1996.490	1988.114	1989.430	1998.908	0	0
2017-10-20 14:35:00	1996.639	1996.905	1996.219	1996.283	1987.853	1989.466	1998.940	0	0
2017-10-20 14:30:00	1995.461	1996.805	1995.375	1996.805	1987.559	1989.502	1998.982	0	0
2017-10-20 14:25:00	1995.126	1995.474	1995.057	1995.400	1987.295	1989.529	1999.006	0	0
2017-10-20 14:20:00	1994.986	1995.281	1994.986	1995.168	1987.084	1989.569	1999.040	0	0
2017-10-20 14:15:00	1993.731	1995.003	1993.704	1995.003	1986.825	1989.602	1999.094	0	0
2017-10-20 14:10:00	1993.671	1993.806	1993.487	1993.768	1986.625	1989.617	1999.151	0	0
2017-10-20 14:05:00	1992.626	1993.770	1992.626	1993.683	1986.446	1989.662	1999.218	0	0
2017-10-20 14:00:00	1990.717	1992.590	1990.717	1992.590	1986.291	1989.743	1999.302	0	0
2017-10-20 13:55:00	1990.377	1990.823	1990.263	1990.741	1986.208	1989.867	1999.397	0	0
2017-10-20 13:50:00	1990.020	1990.434	1990.020	1990.434	1986.203	1990.038	1999.510	0	0
2017-10-20 13:45:00	1989.187	1989.976	1989.092	1989.966	1986.236	1990.220	1999.632	0	0
2017-10-20 13:40:00	1989.792	1989.840	1989.163	1989.251	1986.287	1990.427	1999.758	0	0
2017-10-20 13:35:00	1991.000	1991.095	1989.890	1989.890	1986.358	1990.640	1999.878	0	0
2017-10-20 13:30:00	1991.222	1991.307	1990.984	1991.042	1986.384	1990.838	1999.992	0	0
2017-10-20 13:25:00	1990.906	1991.379	1990.906	1991.237	1986.332	1991.039	2000.096	0	0
2017-10-20 13:20:00	1991.658	1991.692	1990.696	1990.937	1986.310	1991.240	2000.186	0	0
2017-10-20 13:15:00	1991.100	1991.743	1991.040	1991.587	1986.307	1991.443	2000.274	0	0
2017-10-20 13:10:00	1990.079	1991.153	1990.069	1991.153	1986.278	1991.651	2000.376	0	0
2017-10-20 13:05:00	1989.290	1990.085	1989.290	1990.075	1986.239	1991.865	2000.485	0	0
2017-10-20 13:00:00	1988.467	1989.485	1988.467	1989.453	1986.197	1992.094	2000.596	0	0
2017-10-20 12:55:00	1988.052	1988.052	1988.052	1988.052	1986.196	1992.337	2000.700	0	0
2017-10-20 11:30:00	1987.988	1987.988	1987.988	1987.988	1986.237	1992.601	2000.802	0	0
2017-10-20 11:25:00	1986.354	1988.006	1986.323	1988.006	1986.315	1992.859	2000.892	0	0
2017-10-20 11:20:00	1986.128	1986.391	1986.005	1986.391	1986.400	1993.110	2000.992	0	0
2017-10-20 11:15:00	1986.013	1986.304	1985.954	1986.190	1986.516	1993.369	2001.124	0	0
2017-10-20 11:10:00	1986.516	1986.536	1985.910	1986.011	1986.637	1993.627	2001.260	0	0
2017-10-20 11:05:00	1987.362	1987.391	1986.615	1986.626	1986.740	1993.887	2001.389	0	0
2017-10-20 11:00:00	1987.487	1987.982	1987.377	1987.377	1986.829	1994.140	2001.525	0	0
2017-10-20 10:55:00	1986.115	1987.466	1986.115	1987.466	1986.912	1994.370	2001.668	0	0
2017-10-20 10:50:00	1985.962	1986.395	1985.962	1986.068	1987.022	1994.600	2001.824	0	0
2017-10-20 10:45:00	1984.212	1985.995	1984.090	1985.928	1987.158	1994.854	2001.988	0	0
2017-10-20 10:40:00	1984.499	1984.499	1983.767	1984.095	1987.252	1995.116	2002.152	0	0
2017-10-20 10:35:00	1985.246	1985.246	1984.455	1984.541	1987.403	1995.404	2002.346	0	0
2017-10-20 10:30:00	1984.308	1985.288	1984.257	1985.217	1987.544	1995.681	2002.556	0	0
2017-10-20 10:25:00	1985.692	1985.692	1984.256	1984.341	1987.569	1995.952	2002.768	0	0
2017-10-20 10:20:00	1985.559	1985.796	1985.367	1985.747	1987.627	1996.240	2002.977	0	0
2017-10-20 10:15:00	1986.483	1986.501	1985.612	1985.612	1987.678	1996.509	2003.184	0	0
2017-10-20 10:10:00	1987.618	1987.618	1986.502	1986.516	1987.673	1996.769	2003.404	0	0
2017-10-20 10:05:00	1987.094	1988.139	1987.094	1987.594	1987.704	1997.009	2003.620	0	0
2017-10-20 10:00:00	1983.786	1987.176	1983.786	1987.064	1987.778	1997.253	2003.841	0	0
2017-10-20 09:55:00	1982.878	1983.522	1982.643	1983.522	1987.835	1997.495	2004.068	0	0
2017-10-20 09:50:00	1982.482	1983.078	1982.414	1982.852	1988.078	1997.762	2004.305	0	0
2017-10-20 09:45:00	1979.470	1982.521	1979.448	1982.501	1988.366	1998.036	2004.540	0	0
2017-10-20 09:40:00	1981.452	1981.642	1979.360	1979.493	1988.626	1998.321	2004.779	0	0
2017-10-20 09:35:00	1981.153	1982.834	1981.153	1981.581	1988.997	1998.624	2005.036	0	0
2017-10-20 09:30:00	1979.350	1981.128	1977.922	1981.128	1989.362	1998.916	2005.277	0	0
2017-10-20 09:25:00	1979.360	1979.412	1979.360	1979.412	1989.727	1999.216	2005.531	0	0
2017-10-19 15:00:00	1983.718	1983.718	1983.718	1983.718	1990.122	1999.542	2005.795	0	0
2017-10-19 14:55:00	1983.441	1983.754	1983.360	1983.719	1990.457	1999.816	2006.034	0	0
2017-10-19 14:50:00	1981.583	1983.412	1981.390	1983.412	1990.745	2000.100	2006.271	0	0
2017-10-19 14:45:00	1983.545	1983.545	1981.587	1981.621	1991.079	2000.376	2006.512	0	0
2017-10-19 14:40:00	1984.816	1984.816	1983.074	1983.572	1991.445	2000.641	2006.777	0	0
2017-10-19 14:35:00	1982.276	1985.144	1982.276	1984.880	1991.764	2000.886	2007.028	0	0
2017-10-19 14:30:00	1984.945	1984.945	1981.590	1982.187	1992.053	2001.115	2007.271	0	0
2017-10-19 14:25:00	1984.799	1985.133	1984.776	1985.009	1992.379	2001.362	2007.523	0	0
2017-10-19 14:20:00	1985.945	1985.945	1982.314	1984.802	1992.608	2001.557	2007.777	0	0
2017-10-19 14:15:00	1988.480	1988.705	1985.977	1985.977	1992.879	2001.763	2008.037	0	0
2017-10-19 14:10:00	1990.502	1990.502	1988.399	1988.418	1993.194	2001.953	2008.289	0	0
2017-10-19 14:05:00	1992.059	1992.093	1990.485	1990.485	1993.527	2002.137	2008.529	0	0
2017-10-19 14:00:00	1992.574	1992.659	1991.915	1992.076	1993.874	2002.308	2008.754	0	0
2017-10-19 13:55:00	1992.838	1992.929	1992.518	1992.538	1994.205	2002.448	2008.973	0	0
2017-10-19 13:50:00	1991.230	1992.916	1991.230	1992.815	1994.566	2002.573	2009.192	0	0
2017-10-19 13:45:00	1988.434	1991.189	1988.434	1991.189	1994.922	2002.730	2009.410	0	0
2017-10-19 13:40:00	1989.989	1990.059	1987.636	1988.414	1995.291	2002.901	2009.626	0	0
2017-10-19 13:35:00	1990.873	1991.484	1990.079	1990.137	1995.745	2003.086	2009.857	0	0
2017-10-19 13:30:00	1990.085	1990.785	1990.071	1990.785	1996.171	2003.266	2010.080	0	0
2017-10-19 13:25:00	1989.212	1990.297	1989.166	1990.141	1996.579	2003.445	2010.298	0	0
2017-10-19 13:20:00	1987.991	1989.195	1987.871	1989.195	1997.023	2003.647	2010.508	0	0
2017-10-19 13:15:00	1989.361	1989.361	1987.865	1987.973	1997.492	2003.875	2010.720	0	0
2017-10-19 13:10:00	1990.112	1990.115	1989.389	1989.397	1997.991	2004.127	2010.939	0	0
2017-10-19 13:05:00	1991.893	1992.006	1990.124	1990.124	1998.478	2004.352	2011.154	0	0
2017-10-19 13:00:00	1992.386	1992.648	1991.903	1991.903	1998.964	2004.553	2011.366	0	0
2017-10-19 12:55:00	1992.233	1992.233	1992.233	1992.233	1999.404	2004.740	2011.564	0	0
2017-10-19 11:30:00	1992.217	1992.217	1992.217	1992.217	1999.821	2004.932	2011.757	0	0
2017-10-19 11:25:00	1991.447	1992.272	1991.289	1992.217	2000.222	2005.122	2011.950	0	0
2017-10-19 11:20:00	1990.982	1991.195	1990.686	1991.195	2000.617	2005.317	2012.143	0	0
2017-10-19 11:15:00	1991.504	1991.547	1990.889	1991.049	2001.033	2005.535	2012.340	0	0
2017-10-19 11:10:00	1992.808	1992.808	1991.510	1991.544	2001.452	2005.758	2012.545	0	0
2017-10-19 11:05:00	1992.964	1993.836	1992.927	1992.951	2001.827	2005.976	2012.747	0	0
2017-10-19 11:00:00	1990.557	1992.866	1990.456	1992.861	2002.178	2006.180	2012.943	0	0
2017-10-19 10:55:00	1991.684	1991.684	1990.453	1990.615	2002.549	2006.383	2013.143	0	0
2017-10-19 10:50:00	1991.508	1991.737	1991.309	1991.668	2002.981	2006.583	2013.354	0	0
2017-10-19 10:45:00	1986.448	1991.608	1986.448	1991.608	2003.404	2006.775	2013.558	0	0
2017-10-19 10:40:00	1987.386	1987.386	1984.991	1986.436	2003.818	2006.956	2013.763	0	0
2017-10-19 10:35:00	1988.361	1988.734	1987.273	1987.273	2004.335	2007.152	2013.987	0	0
2017-10-19 10:30:00	1985.462	1988.265	1985.325	1988.265	2004.852	2007.340	2014.203	0	0
2017-10-19 10:25:00	1988.009	1988.009	1983.342	1985.370	2005.340	2007.526	2014.414	0	0
2017-10-19 10:20:00	1991.252	1991.372	1988.062	1988.062	2005.866	2007.730	2014.643	0	0
2017-10-19 10:15:00	1989.940	1991.319	1989.749	1991.314	2006.315	2007.888	2014.853	0	0
2017-10-19 10:10:00	1995.684	1995.684	1989.900	1989.900	2006.728	2007.999	2015.043	0	0
2017-10-19 10:05:00	1997.323	1997.342	1995.682	1995.682	2007.154	2008.111	2015.236	0	0
2017-10-19 10:00:00	1995.635	1997.340	1995.635	1997.226	2007.445	2008.162	2015.396	0	0
2017-10-19 09:55:00	1998.015	1998.015	1995.137	1995.526	2007.707	2008.200	2015.550	0	0
2017-10-19 09:50:00	1999.785	2000.074	1998.028	1998.028	2008.016	2008.275	2015.710	0	0
2017-10-19 09:45:00	1999.348	2000.512	1999.348	1999.818	2008.251	2008.325	2015.852	0	0
2017-10-19 09:40:00	1999.081	1999.378	1997.485	1999.378	2008.470	2008.365	2015.990	0	0
2017-10-19 09:35:00	2000.599	2001.366	1999.200	1999.200	2008.705	2008.382	2016.133	0	0
2017-10-19 09:30:00	1997.732	2000.463	1996.700	2000.423	2008.962	2008.403	2016.275	0	0
2017-10-19 09:25:00	1998.208	1998.208	1998.142	1998.142	2009.176	2008.371	2016.394	0	0
2017-10-18 15:00:00	2000.110	2000.110	2000.110	2000.110	2009.455	2008.386	2016.531	0	0
2017-10-18 14:55:00	1999.423	1999.900	1999.389	1999.900	2009.673	2008.414	2016.652	0	0
2017-10-18 14:50:00	1999.234	1999.593	1999.103	1999.526	2009.837	2008.462	2016.773	0	0
2017-10-18 14:45:00	1998.455	1999.800	1998.368	1999.343	2010.008	2008.483	2016.905	0	0
2017-10-18 14:40:00	1996.452	1998.618	1996.253	1998.474	2010.177	2008.512	2017.039	0	0
2017-10-18 14:35:00	1998.382	1998.875	1996.492	1996.492	2010.345	2008.587	2017.180	0	0
2017-10-18 14:30:00	2001.590	2001.590	1996.196	1998.319	2010.506	2008.686	2017.317	0	0
2017-10-18 14:25:00	2005.052	2005.082	2001.649	2001.762	2010.648	2008.774	2017.441	0	0
2017-10-18 14:20:00	2007.798	2007.798	2005.051	2005.053	2010.712	2008.861	2017.552	0	0
2017-10-18 14:15:00	2008.647	2008.647	2007.762	2007.811	2010.746	2008.927	2017.644	0	0
2017-10-18 14:10:00	2010.728	2010.728	2008.552	2008.642	2010.742	2008.981	2017.720	0	0
2017-10-18 14:05:00	2010.580	2010.725	2010.428	2010.616	2010.691	2009.044	2017.791	0	0
2017-10-18 14:00:00	2009.695	2010.579	2009.582	2010.579	2010.580	2009.089	2017.849	0	0
2017-10-18 13:55:00	2011.216	2011.216	2009.629	2009.671	2010.538	2009.116	2017.900	0	0
2017-10-18 13:50:00	2011.456	2011.964	2011.076	2011.114	2010.511	2009.146	2017.949	0	0
2017-10-18 13:45:00	2011.245	2011.435	2010.917	2011.396	2010.426	2009.152	2017.987	0	0
2017-10-18 13:40:00	2012.365	2012.522	2011.034	2011.193	2010.362	2009.132	2018.006	0	0
2017-10-18 13:35:00	2012.629	2012.655	2012.286	2012.379	2010.311	2009.104	2018.020	0	0
2017-10-18 13:30:00	2013.079	2013.079	2012.562	2012.606	2010.271	2009.102	2018.012	0	0
2017-10-18 13:25:00	2013.716	2013.716	2012.940	2012.961	2010.259	2009.105	2018.025	0	0
2017-10-18 13:20:00	2014.507	2014.507	2013.633	2013.722	2010.263	2009.099	2018.046	0	0
2017-10-18 13:15:00	2013.901	2014.467	2013.824	2014.434	2010.227	2009.063	2018.060	0	0
2017-10-18 13:10:00	2013.160	2013.886	2012.959	2013.875	2010.141	2009.003	2018.075	0	0
2017-10-18 13:05:00	2012.280	2013.095	2012.026	2013.095	2010.077	2008.925	2018.088	0	0
2017-10-18 13:00:00	2012.368	2012.748	2012.145	2012.260	2010.043	2008.874	2018.114	0	0
2017-10-18 12:55:00	2011.985	2011.985	2011.985	2011.985	2010.022	2008.879	2018.151	0	0
2017-10-18 11:30:00	2011.987	2011.987	2011.987	2011.987	2010.017	2008.893	2018.188	0	0
2017-10-18 11:25:00	2010.332	2011.990	2010.145	2011.990	2010.036	2008.892	2018.229	0	0
2017-10-18 11:20:00	2010.604	2010.711	2010.127	2010.290	2010.064	2008.909	2018.284	0	0
2017-10-18 11:15:00	2011.442	2011.443	2010.232	2010.536	2010.126	2008.966	2018.349	0	0
2017-10-18 11:10:00	2012.213	2012.241	2011.400	2011.400	2010.183	2009.048	2018.421	0	0
2017-10-18 11:05:00	2012.783	2012.900	2012.197	2012.197	2010.216	2009.122	2018.495	0	0
2017-10-18 11:00:00	2012.216	2012.856	2012.077	2012.846	2010.186	2009.188	2018.567	0	0
2017-10-18 10:55:00	2012.311	2012.410	2012.002	2012.283	2010.145	2009.289	2018.636	0	0
2017-10-18 10:50:00	2013.134	2013.140	2012.221	2012.273	2010.093	2009.432	2018.707	0	0
2017-10-18 10:45:00	2012.718	2013.582	2012.718	2013.166	2009.969	2009.584	2018.779	0	0
2017-10-18 10:40:00	2011.659	2012.670	2011.626	2012.670	2009.827	2009.715	2018.846	0	0
2017-10-18 10:35:00	2010.552	2011.681	2010.217	2011.642	2009.713	2009.859	2018.914	0	0
2017-10-18 10:30:00	2011.992	2011.992	2010.356	2010.498	2009.593	2010.039	2018.982	0	0
2017-10-18 10:25:00	2011.265	2012.061	2011.156	2011.998	2009.462	2010.232	2019.049	0	0
2017-10-18 10:20:00	2010.183	2011.194	2010.183	2011.191	2009.269	2010.429	2019.113	0	0
2017-10-18 10:15:00	2010.304	2010.424	2009.568	2010.224	2009.068	2010.640	2019.181	0	0
2017-10-18 10:10:00	2011.004	2011.056	2010.303	2010.303	2008.878	2010.849	2019.256	0	0
2017-10-18 10:05:00	2009.707	2011.658	2009.561	2010.994	2008.694	2011.045	2019.341	0	0
2017-10-18 10:00:00	2010.906	2010.906	2009.624	2009.764	2008.534	2011.238	2019.421	0	0
2017-10-18 09:55:00	2011.123	2011.214	2010.551	2010.813	2008.400	2011.449	2019.508	0	0
2017-10-18 09:50:00	2012.009	2012.238	2011.078	2011.120	2008.260	2011.637	2019.592	0	0
2017-10-18 09:45:00	2011.121	2012.072	2010.332	2012.020	2008.058	2011.846	2019.680	0	0
2017-10-18 09:40:00	2012.056	2012.287	2011.155	2011.155	2007.845	2012.048	2019.758	0	0
2017-10-18 09:35:00	2011.118	2013.311	2011.118	2012.090	2007.567	2012.251	2019.836	0	0
2017-10-18 09:30:00	2009.101	2011.123	2009.101	2010.993	2007.316	2012.442	2019.916	0	0
2017-10-18 09:25:00	2007.889	2008.108	2007.889	2008.108	2007.155	2012.649	2019.999	0	0
2017-10-17 15:00:00	2008.060	2008.060	2008.060	2008.060	2007.087	2012.914	2020.089	0	0
2017-10-17 14:55:00	2006.854	2007.821	2006.854	2007.821	2006.958	2013.170	2020.165	0	0
2017-10-17 14:50:00	2004.557	2006.840	2004.557	2006.837	2006.846	2013.426	2020.250	0	0
2017-10-17 14:45:00	2005.349	2005.349	2004.104	2004.578	2006.828	2013.685	2020.342	0	0
2017-10-17 14:40:00	2004.865	2005.464	2004.801	2005.381	2006.865	2013.996	2020.446	0	0
2017-10-17 14:35:00	2006.765	2006.844	2004.980	2004.980	2006.901	2014.310	2020.560	0	0
2017-10-17 14:30:00	2007.604	2007.655	2006.746	2006.772	2007.010	2014.626	2020.674	0	0
2017-10-17 14:25:00	2006.008	2007.600	2006.008	2007.600	2007.108	2014.921	2020.769	0	0
2017-10-17 14:20:00	2005.095	2006.092	2004.829	2006.092	2007.221	2015.200	2020.857	0	0
2017-10-17 14:15:00	2008.515	2008.591	2005.042	2005.042	2007.397	2015.498	2020.958	0	0
2017-10-17 14:10:00	2008.334	2008.682	2008.329	2008.506	2007.597	2015.811	2021.064	0	0
2017-10-17 14:05:00	2006.867	2008.311	2006.751	2008.311	2007.694	2016.089	2021.151	0	0
2017-10-17 14:00:00	2008.222	2008.292	2006.859	2006.875	2007.781	2016.351	2021.233	0	0
2017-10-17 13:55:00	2008.557	2008.639	2007.667	2008.204	2007.879	2016.629	2021.333	0	0
2017-10-17 13:50:00	2010.369	2010.369	2008.601	2008.601	2007.901	2016.893	2021.433	0	0
2017-10-17 13:45:00	2012.022	2012.022	2010.357	2010.399	2007.898	2017.151	2021.530	0	0
2017-10-17 13:40:00	2013.211	2013.211	2011.950	2011.991	2007.933	2017.368	2021.611	0	0
2017-10-17 13:35:00	2012.022	2013.248	2012.022	2013.171	2007.951	2017.566	2021.693	0	0
2017-10-17 13:30:00	2010.135	2011.910	2010.135	2011.910	2007.935	2017.751	2021.773	0	0
2017-10-17 13:25:00	2010.625	2010.633	2010.101	2010.174	2007.900	2017.956	2021.861	0	0
2017-10-17 13:20:00	2011.385	2011.546	2010.642	2010.642	2007.864	2018.180	2021.955	0	0
2017-10-17 13:15:00	2011.227	2011.618	2011.170	2011.411	2007.773	2018.387	2022.044	0	0
2017-10-17 13:10:00	2011.837	2011.837	2010.985	2011.187	2007.704	2018.583	2022.143	0	0
2017-10-17 13:05:00	2012.904	2012.913	2011.757	2011.757	2007.737	2018.778	2022.245	0	0
2017-10-17 13:00:00	2013.929	2014.161	2012.940	2012.940	2007.769	2018.969	2022.342	0	0
2017-10-17 12:55:00	2013.379	2013.379	2013.379	2013.379	2007.747	2019.146	2022.433	0	0
2017-10-17 11:30:00	2013.383	2013.383	2013.383	2013.383	2007.755	2019.333	2022.513	0	0
2017-10-17 11:25:00	2013.176	2013.434	2013.045	2013.380	2007.806	2019.517	2022.594	0	0
2017-10-17 11:20:00	2010.620	2013.104	2010.515	2013.086	2007.914	2019.706	2022.677	0	0
2017-10-17 11:15:00	2010.820	2010.917	2010.481	2010.669	2008.028	2019.903	2022.766	0	0
2017-10-17 11:10:00	2009.697	2010.857	2009.613	2010.819	2008.190	2020.124	2022.865	0	0
2017-10-17 11:05:00	2006.122	2009.686	2006.100	2009.686	2008.433	2020.342	2022.964	0	0
2017-10-17 11:00:00	2006.008	2006.079	2005.556	2006.079	2008.770	2020.571	2023.071	0	0
2017-10-17 10:55:00	2006.985	2007.004	2006.022	2006.045	2009.198	2020.823	2023.197	0	0
2017-10-17 10:50:00	2005.699	2006.951	2005.690	2006.947	2009.603	2021.067	2023.322	0	0
2017-10-17 10:45:00	2004.041	2005.733	2004.041	2005.684	2010.005	2021.302	2023.442	0	0
2017-10-17 10:40:00	2002.317	2003.960	2002.317	2003.926	2010.484	2021.557	2023.568	0	0
2017-10-17 10:35:00	2001.189	2002.366	2001.153	2002.366	2011.001	2021.818	2023.695	0	0
2017-10-17 10:30:00	2000.721	2001.169	2000.705	2001.111	2011.589	2022.088	2023.832	0	0
2017-10-17 10:25:00	2000.987	2000.987	1999.355	2000.753	2012.213	2022.362	2023.971	0	0
2017-10-17 10:20:00	2003.005	2003.257	2001.071	2001.071	2012.819	2022.631	2024.101	0	0
2017-10-17 10:15:00	2002.951	2003.095	2002.615	2003.028	2013.396	2022.900	2024.231	0	0
2017-10-17 10:10:00	2003.910	2003.910	2003.005	2003.034	2013.941	2023.145	2024.362	0	0
2017-10-17 10:05:00	2001.035	2003.871	2000.978	2003.832	2014.497	2023.379	2024.497	0	0
2017-10-17 10:00:00	2001.244	2001.244	2000.482	2001.038	2015.014	2023.614	2024.635	0	0
2017-10-17 09:55:00	1997.269	2001.503	1997.269	2001.331	2015.633	2023.883	2024.787	0	0
2017-10-17 09:50:00	1999.503	1999.503	1996.645	1997.252	2016.251	2024.146	2024.931	0	0
2017-10-17 09:45:00	2002.957	2002.957	1999.547	1999.575	2016.936	2024.417	2025.097	0	0
2017-10-17 09:40:00	2004.836	2004.987	2002.916	2002.916	2017.568	2024.675	2025.248	0	0
2017-10-17 09:35:00	2001.864	2004.981	2001.864	2004.736	2018.143	2024.890	2025.370	0	0
2017-10-17 09:30:00	2001.855	2001.855	2000.811	2001.584	2018.741	2025.084	2025.479	0	0
2017-10-17 09:25:00	2002.149	2002.241	2002.149	2002.241	2019.383	2025.327	2025.623	0	0
2017-10-16 15:00:00	2005.946	2005.946	2005.946	2005.946	2020.007	2025.567	2025.772	0	0
2017-10-16 14:55:00	2007.187	2007.187	2006.405	2006.415	2020.542	2025.773	2025.911	0	0
2017-10-16 14:50:00	2010.174	2010.213	2007.151	2007.162	2021.127	2025.949	2026.051	0	0
2017-10-16 14:45:00	2011.498	2011.597	2010.272	2010.458	2021.720	2026.109	2026.172	0	0
2017-10-16 14:40:00	2013.245	2013.264	2011.457	2011.653	2022.241	2026.244	2026.269	0	0
2017-10-16 14:35:00	2014.794	2014.794	2013.235	2013.235	2022.734	2026.361	2026.364	0	0
2017-10-16 14:30:00	2015.047	2015.699	2014.866	2014.911	2023.178	2026.459	2026.444	0	0
2017-10-16 14:25:00	2013.369	2015.077	2013.369	2015.053	2023.599	2026.538	2026.520	0	0
2017-10-16 14:20:00	2012.770	2013.449	2012.564	2013.358	2024.025	2026.609	2026.596	0	0
2017-10-16 14:15:00	2011.885	2012.764	2011.834	2012.633	2024.485	2026.684	2026.680	0	0
2017-10-16 14:10:00	2009.380	2011.812	2009.380	2011.780	2024.921	2026.753	2026.765	0	0
2017-10-16 14:05:00	2008.463	2009.312	2007.907	2009.300	2025.378	2026.822	2026.849	0	0
2017-10-16 14:00:00	2012.089	2012.247	2008.419	2008.473	2025.885	2026.880	2026.940	0	0
2017-10-16 13:55:00	2012.887	2012.904	2012.146	2012.146	2026.403	2026.935	2027.037	0	0
2017-10-16 13:50:00	2012.302	2012.901	2012.136	2012.886	2026.803	2026.922	2027.113	0	0
2017-10-16 13:45:00	2010.190	2012.351	2010.181	2012.351	2027.180	2026.945	2027.178	0	0
2017-10-16 13:40:00	2008.347	2010.203	2008.301	2010.188	2027.567	2026.993	2027.246	0	0
2017-10-16 13:35:00	2006.045	2008.471	2006.045	2008.377	2028.012	2027.057	2027.322	0	0
2017-10-16 13:30:00	2007.857	2007.857	2005.126	2006.057	2028.496	2027.147	2027.408	0	0
2017-10-16 13:25:00	2012.747	2012.773	2008.000	2008.000	2029.002	2027.251	2027.500	0	0
2017-10-16 13:20:00	2013.404	2013.774	2012.721	2012.804	2029.461	2027.354	2027.567	0	0
2017-10-16 13:15:00	2011.801	2013.417	2011.559	2013.389	2029.820	2027.424	2027.604	0	0
2017-10-16 13:10:00	2013.734	2013.734	2011.826	2011.829	2030.168	2027.482	2027.637	0	0
2017-10-16 13:05:00	2015.950	2015.950	2013.758	2013.758	2030.546	2027.565	2027.682	0	0
2017-10-16 13:00:00	2017.856	2017.856	2015.660	2015.961	2030.910	2027.659	2027.722	0	0
2017-10-16 12:55:00	2018.771	2018.771	2018.771	2018.771	2031.228	2027.731	2027.746	0	0
2017-10-16 11:30:00	2018.773	2018.773	2018.773	2018.773	2031.498	2027.793	2027.754	0	0
2017-10-16 11:25:00	2022.806	2022.806	2018.789	2018.789	2031.779	2027.868	2027.764	0	0
2017-10-16 11:20:00	2026.483	2026.483	2022.851	2022.977	2032.058	2027.946	2027.768	0	0
2017-10-16 11:15:00	2027.438	2027.515	2026.415	2026.513	2032.251	2027.983	2027.741	0	0
2017-10-16 11:10:00	2026.230	2027.506	2026.179	2027.506	2032.373	2027.983	2027.699	0	0
2017-10-16 11:05:00	2027.005	2027.005	2026.032	2026.260	2032.447	2027.974	2027.651	0	0
2017-10-16 11:00:00	2029.549	2029.549	2026.996	2027.082	2032.531	2027.977	2027.604	0	0
2017-10-16 10:55:00	2029.754	2029.891	2029.498	2029.616	2032.599	2027.969	2027.554	0	0
2017-10-16 10:50:00	2031.704	2031.704	2029.775	2029.799	2032.630	2027.924	2027.488	0	0
2017-10-16 10:45:00	2032.393	2032.774	2031.720	2031.753	2032.634	2027.865	2027.422	0	0
2017-10-16 10:40:00	2031.142	2032.304	2031.077	2032.304	2032.587	2027.796	2027.345	0	0
2017-10-16 10:35:00	2029.871	2031.155	2029.824	2031.054	2032.511	2027.722	2027.263	0	0
2017-10-16 10:30:00	2030.374	2030.374	2029.624	2029.893	2032.443	2027.664	2027.190	0	0
2017-10-16 10:25:00	2030.817	2030.818	2030.297	2030.297	2032.404	2027.638	2027.134	0	0
2017-10-16 10:20:00	2029.728	2031.065	2029.630	2030.856	2032.349	2027.605	2027.079	0	0
2017-10-16 10:15:00	2031.980	2032.004	2029.480	2029.663	2032.260	2027.568	2027.016	0	0
2017-10-16 10:10:00	2032.227	2032.227	2031.715	2031.995	2032.214	2027.546	2026.950	0	0
2017-10-16 10:05:00	2031.531	2032.331	2031.404	2032.225	2032.133	2027.515	2026.869	0	0
2017-10-16 10:00:00	2031.314	2031.739	2031.154	2031.512	2032.042	2027.467	2026.784	0	0
2017-10-16 09:55:00	2031.593	2031.593	2030.129	2031.178	2031.898	2027.421	2026.700	0	0
2017-10-16 09:50:00	2034.752	2034.752	2031.522	2031.636	2031.782	2027.390	2026.619	0	0
2017-10-16 09:45:00	2033.764	2035.014	2033.632	2034.642	2031.637	2027.349	2026.531	0	0
2017-10-16 09:40:00	2033.708	2034.172	2033.542	2033.674	2031.428	2027.263	2026.445	0	0
2017-10-16 09:35:00	2032.740	2033.526	2031.616	2033.439	2031.272	2027.159	2026.362	0	0
2017-10-16 09:30:00	2035.823	2036.166	2031.914	2032.714	2031.127	2027.074	2026.285	0	0
2017-10-16 09:25:00	2035.702	2035.702	2035.680	2035.680	2031.005	2026.999	2026.203	0	0
2017-10-13 15:00:00	2036.806	2036.806	2036.806	2036.806	2030.770	2026.896	2026.107	0	0
2017-10-13 14:55:00	2036.283	2036.540	2036.179	2036.498	2030.497	2026.809	2026.010	0	0
2017-10-13 14:50:00	2035.439	2036.289	2035.439	2036.289	2030.247	2026.723	2025.922	0	0
2017-10-13 14:45:00	2035.966	2036.105	2035.342	2035.474	2029.988	2026.617	2025.834	0	0
2017-10-13 14:40:00	2036.355	2036.383	2035.896	2035.955	2029.740	2026.514	2025.736	0	0
2017-10-13 14:35:00	2036.329	2037.043	2036.280	2036.339	2029.476	2026.419	2025.641	0	0
2017-10-13 14:30:00	2034.505	2036.342	2034.423	2036.342	2029.192	2026.318	2025.549	0	0
2017-10-13 14:25:00	2034.534	2034.551	2034.036	2034.450	2028.883	2026.212	2025.450	0	0
2017-10-13 14:20:00	2034.617	2034.690	2034.427	2034.641	2028.585	2026.116	2025.346	0	0
2017-10-13 14:15:00	2034.389	2035.056	2034.389	2034.626	2028.266	2026.037	2025.245	0	0
2017-10-13 14:10:00	2032.184	2034.378	2032.141	2034.376	2027.876	2025.973	2025.143	0	0
2017-10-13 14:05:00	2031.636	2032.277	2031.609	2032.164	2027.467	2025.909	2025.039	0	0
2017-10-13 14:00:00	2031.769	2031.797	2031.564	2031.749	2027.041	2025.854	2024.939	0	0
2017-10-13 13:55:00	2032.474	2032.515	2031.615	2031.673	2026.710	2025.819	2024.835	0	0
2017-10-13 13:50:00	2032.598	2032.639	2032.266	2032.451	2026.419	2025.795	2024.735	0	0
2017-10-13 13:45:00	2031.513	2032.755	2031.513	2032.584	2026.102	2025.767	2024.632	0	0
2017-10-13 13:40:00	2030.876	2031.483	2030.876	2031.360	2025.798	2025.729	2024.527	0	0
2017-10-13 13:35:00	2030.717	2030.947	2030.552	2030.947	2025.500	2025.701	2024.421	0	0
2017-10-13 13:30:00	2030.829	2030.829	2030.263	2030.738	2025.247	2025.703	2024.324	0	0
2017-10-13 13:25:00	2030.607	2031.119	2030.587	2030.804	2025.028	2025.713	2024.232	0	0
2017-10-13 13:20:00	2032.026	2032.032	2030.609	2030.697	2024.796	2025.716	2024.141	0	0
2017-10-13 13:15:00	2031.925	2032.096	2031.771	2031.996	2024.585	2025.720	2024.068	0	0
2017-10-13 13:10:00	2032.259	2032.259	2031.849	2031.856	2024.407	2025.694	2023.991	0	0
2017-10-13 13:05:00	2032.822	2032.857	2032.220	2032.279	2024.235	2025.671	2023.918	0	0
2017-10-13 13:00:00	2033.139	2033.732	2032.785	2032.791	2024.088	2025.647	2023.835	0	0
2017-10-13 12:55:00	2032.744	2032.744	2032.744	2032.744	2023.957	2025.628	2023.752	0	0
2017-10-13 11:30:00	2032.627	2032.627	2032.627	2032.627	2023.834	2025.606	2023.668	0	0
2017-10-13 11:25:00	2031.231	2032.613	2031.231	2032.613	2023.715	2025.585	2023.585	0	0
2017-10-13 11:20:00	2030.433	2031.278	2030.346	2031.227	2023.594	2025.570	2023.502	0	0
2017-10-13 11:15:00	2030.379	2030.607	2030.326	2030.464	2023.500	2025.571	2023.430	0	0
2017-10-13 11:10:00	2031.124	2031.165	2030.205	2030.435	2023.422	2025.576	2023.368	0	0
2017-10-13 11:05:00	2030.014	2031.505	2030.014	2031.183	2023.339	2025.581	2023.303	0	0
2017-10-13 11:00:00	2029.366	2030.044	2029.278	2030.024	2023.219	2025.579	2023.236	0	0
2017-10-13 10:55:00	2028.531	2029.389	2028.531	2029.389	2023.097	2025.572	2023.178	0	0
2017-10-13 10:50:00	2027.651	2028.594	2027.630	2028.502	2023.005	2025.575	2023.124	0	0
2017-10-13 10:45:00	2027.914	2028.126	2027.540	2027.665	2022.933	2025.580	2023.074	0	0
2017-10-13 10:40:00	2027.578	2028.264	2027.501	2027.944	2022.885	2025.570	2023.028	0	0
2017-10-13 10:35:00	2026.323	2027.541	2026.323	2027.541	2022.872	2025.562	2022.972	0	0
2017-10-13 10:30:00	2027.378	2027.378	2026.157	2026.394	2022.861	2025.578	2022.914	0	0
2017-10-13 10:25:00	2028.070	2028.070	2027.280	2027.371	2022.875	2025.615	2022.859	0	0
2017-10-13 10:20:00	2027.755	2028.197	2027.734	2027.966	2022.878	2025.655	2022.800	0	0
2017-10-13 10:15:00	2024.340	2027.691	2024.264	2027.635	2022.897	2025.690	2022.734	0	0
2017-10-13 10:10:00	2025.315	2025.361	2024.216	2024.312	2022.893	2025.716	2022.670	0	0
2017-10-13 10:05:00	2024.301	2025.436	2024.301	2025.389	2022.945	2025.776	2022.626	0	0
2017-10-13 10:00:00	2024.242	2024.471	2024.033	2024.389	2022.997	2025.821	2022.574	0	0
2017-10-13 09:55:00	2025.851	2025.868	2024.149	2024.172	2023.060	2025.851	2022.523	0	0
2017-10-13 09:50:00	2026.165	2026.165	2025.727	2025.874	2023.099	2025.874	2022.465	0	0
2017-10-13 09:45:00	2026.603	2027.062	2026.231	2026.231	2023.047	2025.918	2022.398	0	0
2017-10-13 09:40:00	2023.962	2026.815	2023.962	2026.587	2023.021	2025.977	2022.329	0	0
2017-10-13 09:35:00	2023.175	2023.945	2022.632	2023.945	2022.993	2026.048	2022.254	0	0
2017-10-13 09:30:00	2024.233	2025.432	2023.123	2023.141	2023.023	2026.153	2022.191	0	0
2017-10-13 09:25:00	2023.701	2023.992	2023.701	2023.992	2023.122	2026.235	2022.133	0	0
2017-10-12 15:00:00	2023.356	2023.356	2023.356	2023.356	2023.198	2026.294	2022.083	0	0
2017-10-12 14:55:00	2022.719	2023.083	2022.619	2023.083	2023.245	2026.367	2022.024	0	0
2017-10-12 14:50:00	2022.178	2023.038	2022.178	2022.741	2023.287	2026.428	2021.963	0	0
2017-10-12 14:45:00	2020.900	2022.246	2020.841	2022.148	2023.361	2026.502	2021.899	0	0
2017-10-12 14:40:00	2019.556	2020.892	2019.513	2020.890	2023.443	2026.583	2021.828	0	0
2017-10-12 14:35:00	2018.594	2019.554	2018.582	2019.554	2023.541	2026.676	2021.769	0	0
2017-10-12 14:30:00	2015.254	2018.667	2015.254	2018.660	2023.646	2026.776	2021.715	0	0
2017-10-12 14:25:00	2013.912	2015.326	2013.869	2015.161	2023.807	2026.875	2021.672	0	0
2017-10-12 14:20:00	2010.838	2013.893	2010.838	2013.893	2024.070	2027.000	2021.665	0	0
2017-10-12 14:15:00	2015.028	2015.028	2010.387	2010.864	2024.351	2027.140	2021.538	0	0
2017-10-12 14:10:00	2017.142	2017.300	2015.125	2015.195	2024.667	2027.304	2021.424	0	0
2017-10-12 14:05:00	2016.613	2017.301	2016.613	2017.129	2024.929	2027.411	2021.283	0	0
2017-10-12 14:00:00	2017.475	2017.495	2016.574	2016.635	2025.171	2027.500	2021.130	0	0
2017-10-12 13:55:00	2016.444	2017.481	2016.306	2017.365	2025.431	2027.587	2020.975	0	0
2017-10-12 13:50:00	2018.342	2018.359	2016.417	2016.449	2025.660	2027.670	2020.819	0	0
2017-10-12 13:45:00	2019.779	2019.873	2018.297	2018.297	2025.901	2027.748	2020.663	0	0
2017-10-12 13:40:00	2019.211	2019.895	2019.188	2019.786	2026.160	2027.779	2020.493	0	0
2017-10-12 13:35:00	2020.146	2020.146	2018.623	2019.205	2026.397	2027.783	2020.316	0	0
2017-10-12 13:30:00	2023.044	2023.051	2020.163	2020.163	2026.635	2027.792	2020.141	0	0
2017-10-12 13:25:00	2023.144	2023.546	2023.020	2023.090	2026.855	2027.798	2019.957	0	0
2017-10-12 13:20:00	2024.843	2024.943	2023.222	2023.238	2026.982	2027.786	2019.747	0	0
2017-10-12 13:15:00	2026.210	2026.253	2024.951	2024.951	2027.107	2027.760	2019.541	0	0
2017-10-12 13:10:00	2026.498	2026.663	2026.142	2026.261	2027.207	2027.715	2019.335	0	0
2017-10-12 13:05:00	2026.601	2026.661	2026.090	2026.577	2027.299	2027.660	2019.125	0	0
2017-10-12 13:00:00	2026.696	2027.260	2026.611	2026.657	2027.378	2027.589	2018.916	0	0
2017-10-12 12:55:00	2026.564	2026.564	2026.564	2026.564	2027.455	2027.500	2018.701	0	0
2017-10-12 11:30:00	2026.550	2026.550	2026.550	2026.550	2027.546	2027.415	2018.490	0	0
2017-10-12 11:25:00	2026.245	2026.552	2026.121	2026.541	2027.642	2027.329	2018.281	0	0
2017-10-12 11:20:00	2025.242	2026.388	2025.229	2026.287	2027.730	2027.231	2018.072	0	0
2017-10-12 11:15:00	2023.896	2025.202	2023.688	2025.202	2027.824	2027.139	2017.873	0	0
2017-10-12 11:10:00	2024.755	2024.759	2023.903	2023.903	2027.939	2027.052	2017.676	0	0
2017-10-12 11:05:00	2024.892	2025.204	2024.744	2024.808	2028.047	2026.978	2017.483	0	0
2017-10-12 11:00:00	2025.242	2025.289	2024.878	2024.878	2028.146	2026.894	2017.288	0	0
2017-10-12 10:55:00	2027.247	2027.418	2025.259	2025.270	2028.228	2026.804	2017.095	0	0
2017-10-12 10:50:00	2026.966	2027.302	2026.839	2027.302	2028.255	2026.715	2016.897	0	0
2017-10-12 10:45:00	2027.090	2027.156	2026.966	2026.978	2028.252	2026.629	2016.688	0	0
2017-10-12 10:40:00	2027.466	2027.466	2026.873	2027.122	2028.297	2026.553	2016.481	0	0
2017-10-12 10:35:00	2028.850	2028.869	2027.536	2027.536	2028.355	2026.463	2016.274	0	0
2017-10-12 10:30:00	2027.467	2028.924	2027.467	2028.876	2028.431	2026.354	2016.063	0	0
2017-10-12 10:25:00	2026.915	2027.456	2026.896	2027.455	2028.484	2026.223	2015.845	0	0
2017-10-12 10:20:00	2027.981	2028.037	2026.862	2026.914	2028.539	2026.102	2015.635	0	0
2017-10-12 10:15:00	2027.430	2028.176	2027.430	2027.987	2028.608	2025.978	2015.435	0	0
2017-10-12 10:10:00	2026.101	2027.594	2026.101	2027.541	2028.646	2025.849	2015.232	0	0
2017-10-12 10:05:00	2023.294	2026.139	2023.294	2026.115	2028.641	2025.713	2015.026	0	0
2017-10-12 10:00:00	2024.901	2024.938	2022.959	2023.279	2028.648	2025.627	2014.829	0	0
2017-10-12 09:55:00	2025.208	2025.327	2024.947	2024.947	2028.789	2025.565	2014.646	0	0
2017-10-12 09:50:00	2025.413	2025.541	2024.625	2025.151	2028.933	2025.496	2014.448	0	0
2017-10-12 09:45:00	2028.167	2028.183	2025.458	2025.458	2029.103	2025.408	2014.252	0	0
2017-10-12 09:40:00	2027.867	2028.722	2027.867	2028.104	2029.283	2025.318	2014.057	0	0
2017-10-12 09:35:00	2025.706	2027.809	2024.844	2027.809	2029.348	2025.211	2013.848	0	0
2017-10-12 09:30:00	2025.030	2026.406	2024.654	2025.707	2029.389	2025.120	2013.644	0	0
2017-10-12 09:25:00	2025.157	2025.157	2025.146	2025.146	2029.488	2025.051	2013.449	0	0
2017-10-11 15:00:00	2026.469	2026.469	2026.469	2026.469	2029.569	2024.958	2013.264	0	0
2017-10-11 14:55:00	2025.739	2026.244	2025.715	2026.244	2029.642	2024.863	2013.077	0	0
2017-10-11 14:50:00	2024.884	2025.758	2024.805	2025.749	2029.723	2024.780	2012.871	0	0
2017-10-11 14:45:00	2026.699	2026.708	2024.841	2024.854	2029.811	2024.687	2012.664	0	0
2017-10-11 14:40:00	2028.303	2028.349	2026.698	2026.713	2029.906	2024.576	2012.469	0	0
2017-10-11 14:35:00	2027.877	2028.421	2027.877	2028.304	2029.943	2024.453	2012.261	0	0
2017-10-11 14:30:00	2026.673	2027.937	2026.374	2027.907	2029.929	2024.312	2012.037	0	0
2017-10-11 14:25:00	2028.376	2028.400	2026.657	2026.657	2029.928	2024.169	2011.808	0	0
2017-10-11 14:20:00	2029.227	2029.351	2028.287	2028.312	2029.942	2024.025	2011.558	0	0
2017-10-11 14:15:00	2029.682	2029.880	2029.195	2029.219	2029.893	2023.851	2011.290	0	0
2017-10-11 14:10:00	2028.807	2029.649	2028.775	2029.649	2029.828	2023.676	2011.018	0	0
2017-10-11 14:05:00	2028.374	2028.907	2027.916	2028.834	2029.743	2023.498	2010.747	0	0
2017-10-11 14:00:00	2031.151	2031.265	2028.426	2028.506	2029.679	2023.324	2010.489	0	0
2017-10-11 13:55:00	2031.649	2031.802	2031.210	2031.210	2029.595	2023.141	2010.244	0	0
2017-10-11 13:50:00	2031.168	2031.751	2031.168	2031.668	2029.399	2022.945	2009.982	0	0
2017-10-11 13:45:00	2031.072	2031.204	2030.675	2031.107	2029.169	2022.752	2009.717	0	0
2017-10-11 13:40:00	2029.439	2031.198	2029.439	2031.128	2028.949	2022.567	2009.468	0	0
2017-10-11 13:35:00	2029.531	2029.572	2028.820	2029.435	2028.741	2022.416	2009.223	0	0
2017-10-11 13:30:00	2029.864	2029.950	2029.175	2029.495	2028.590	2022.288	2008.982	0	0
2017-10-11 13:25:00	2030.930	2031.161	2029.948	2029.948	2028.413	2022.165	2008.745	0	0
2017-10-11 13:20:00	2030.544	2030.973	2030.422	2030.877	2028.224	2022.024	2008.510	0	0
2017-10-11 13:15:00	2030.486	2030.913	2030.404	2030.541	2028.022	2021.876	2008.273	0	0
2017-10-11 13:10:00	2031.129	2031.304	2030.414	2030.504	2027.801	2021.729	2008.034	0	0
2017-10-11 13:05:00	2031.364	2031.601	2031.103	2031.103	2027.545	2021.585	2007.785	0	0
2017-10-11 13:00:00	2031.371	2031.863	2031.189	2031.342	2027.283	2021.435	2007.538	0	0
2017-10-11 12:55:00	2030.972	2030.972	2030.972	2030.972	2027.017	2021.289	2007.289	0	0
2017-10-11 11:30:00	2030.961	2030.961	2030.961	2030.961	2026.732	2021.159	2007.037	0	0
2017-10-11 11:25:00	2029.358	2030.951	2029.217	2030.951	2026.455	2021.025	2006.787	0	0
2017-10-11 11:20:00	2029.753	2029.821	2029.064	2029.284	2026.165	2020.893	2006.542	0	0
2017-10-11 11:15:00	2029.065	2029.826	2029.052	2029.776	2025.909	2020.784	2006.306	0	0
2017-10-11 11:10:00	2026.630	2029.008	2026.630	2029.003	2025.642	2020.672	2006.068	0	0
2017-10-11 11:05:00	2026.991	2027.145	2026.200	2026.610	2025.381	2020.567	2005.839	0	0
2017-10-11 11:00:00	2029.215	2029.351	2027.087	2027.147	2025.176	2020.486	2005.624	0	0
2017-10-11 10:55:00	2030.052	2030.215	2029.148	2029.198	2025.007	2020.382	2005.408	0	0
2017-10-11 10:50:00	2031.345	2031.453	2030.067	2030.067	2024.809	2020.250	2005.179	0	0
2017-10-11 10:45:00	2031.624	2031.954	2031.242	2031.340	2024.571	2020.103	2004.946	0	0
2017-10-11 10:40:00	2030.146	2031.716	2030.078	2031.518	2024.277	2019.945	2004.707	0	0
2017-10-11 10:35:00	2030.437	2030.930	2030.181	2030.181	2023.962	2019.777	2004.466	0	0
2017-10-11 10:30:00	2029.899	2030.520	2029.689	2030.358	2023.664	2019.624	2004.227	0	0
2017-10-11 10:25:00	2027.389	2029.877	2027.389	2029.877	2023.349	2019.475	2003.985	0	0
2017-10-11 10:20:00	2026.617	2027.319	2026.527	2027.319	2023.052	2019.326	2003.739	0	0
2017-10-11 10:15:00	2030.224	2030.224	2025.913	2026.487	2022.785	2019.195	2003.502	0	0
2017-10-11 10:10:00	2032.138	2032.138	2030.299	2030.316	2022.606	2019.057	2003.270	0	0
2017-10-11 10:05:00	2033.622	2033.722	2032.104	2032.131	2022.342	2018.878	2003.022	0	0
2017-10-11 10:00:00	2034.523	2034.523	2033.636	2033.636	2022.060	2018.681	2002.766	0	0
2017-10-11 09:55:00	2031.280	2034.514	2031.280	2034.497	2021.713	2018.460	2002.496	0	0
2017-10-11 09:50:00	2029.774	2031.319	2029.709	2031.319	2021.353	2018.228	2002.220	0	0
2017-10-11 09:45:00	2030.553	2030.698	2029.651	2029.873	2021.075	2018.031	2001.966	0	0
2017-10-11 09:40:00	2029.111	2030.683	2029.111	2030.636	2020.852	2017.872	2001.715	0	0
2017-10-11 09:35:00	2029.991	2029.991	2028.722	2029.216	2020.614	2017.682	2001.453	0	0
2017-10-11 09:30:00	2029.859	2030.452	2028.889	2030.109	2020.348	2017.499	2001.195	0	0
2017-10-11 09:25:00	2030.219	2030.294	2030.219	2030.294	2020.084	2017.297	2000.938	0	0
2017-10-10 15:00:00	2030.178	2030.178	2030.178	2030.178	2019.838	2017.073	2000.678	0	0
2017-10-10 14:55:00	2028.631	2029.567	2028.600	2029.562	2019.563	2016.862	2000.414	0	0
2017-10-10 14:50:00	2027.647	2028.596	2027.591	2028.590	2019.247	2016.655	2000.151	0	0
2017-10-10 14:45:00	2027.875	2027.982	2027.538	2027.610	2018.964	2016.469	1999.895	0	0
2017-10-10 14:40:00	2027.324	2028.164	2027.324	2027.871	2018.695	2016.331	1999.652	0	0
2017-10-10 14:35:00	2025.870	2027.334	2025.686	2027.334	2018.409	2015.937	1999.412	0	0
2017-10-10 14:30:00	2026.026	2026.359	2025.780	2025.853	2018.109	2015.543	1999.166	0	0
2017-10-10 14:25:00	2025.365	2026.129	2025.305	2025.994	2017.809	2015.155	1998.932	0	0
2017-10-10 14:20:00	2025.665	2025.712	2025.195	2025.367	2017.524	2014.760	1998.690	0	0
2017-10-10 14:15:00	2024.386	2025.651	2024.386	2025.635	2017.254	2014.363	1998.459	0	0
2017-10-10 14:10:00	2021.397	2024.342	2021.361	2024.325	2016.970	2013.969	1998.227	0	0
2017-10-10 14:05:00	2020.235	2021.421	2020.132	2021.416	2016.687	2013.577	1997.999	0	0
2017-10-10 14:00:00	2020.097	2020.362	2019.999	2020.181	2016.490	2013.207	1997.787	0	0
2017-10-10 13:55:00	2020.802	2020.830	2020.016	2020.091	2016.334	2012.849	1997.579	0	0
2017-10-10 13:50:00	2021.847	2022.032	2020.743	2020.743	2016.184	2012.490	1997.379	0	0
2017-10-10 13:45:00	2020.638	2021.910	2020.638	2021.870	2016.090	2012.115	1997.172	0	0
2017-10-10 13:40:00	2020.394	2020.651	2020.098	2020.651	2015.986	2011.708	1996.960	0	0
2017-10-10 13:35:00	2020.829	2020.870	2020.233	2020.459	2015.917	2011.321	1996.754	0	0
2017-10-10 13:30:00	2019.481	2021.174	2019.481	2020.781	2015.823	2010.955	1996.561	0	0
2017-10-10 13:25:00	2017.762	2019.534	2017.733	2019.501	2015.731	2010.590	1996.360	0	0
2017-10-10 13:20:00	2017.954	2018.066	2017.471	2017.725	2015.658	2010.243	1996.164	0	0
2017-10-10 13:15:00	2018.027	2018.280	2017.845	2017.997	2015.625	2009.902	1995.978	0	0
2017-10-10 13:10:00	2016.790	2018.015	2016.736	2018.015	2015.586	2009.565	1995.790	0	0
2017-10-10 13:05:00	2017.164	2017.164	2016.559	2016.765	2015.562	2009.232	1995.599	0	0
2017-10-10 13:00:00	2016.639	2017.423	2016.639	2017.082	2015.585	2008.913	1995.414	0	0
2017-10-10 12:55:00	2016.481	2016.481	2016.481	2016.481	2015.595	2008.608	1995.221	0	0
2017-10-10 11:30:00	2016.450	2016.450	2016.450	2016.450	2015.621	2008.301	1995.021	0	0
2017-10-10 11:25:00	2016.035	2016.494	2015.884	2016.430	2015.659	2007.988	1994.820	0	0
2017-10-10 11:20:00	2016.328	2016.506	2015.942	2015.942	2015.701	2007.683	1994.614	0	0
2017-10-10 11:15:00	2018.709	2018.709	2016.298	2016.373	2015.753	2007.385	1994.413	0	0
2017-10-10 11:10:00	2019.336	2019.513	2018.642	2018.685	2015.796	2007.078	1994.219	0	0
2017-10-10 11:05:00	2018.207	2019.472	2018.207	2019.342	2015.758	2006.747	1994.012	0	0
2017-10-10 11:00:00	2016.724	2018.197	2016.550	2018.163	2015.691	2006.410	1993.798	0	0
2017-10-10 10:55:00	2015.830	2016.695	2015.759	2016.618	2015.635	2006.084	1993.588	0	0
2017-10-10 10:50:00	2015.421	2015.779	2015.375	2015.779	2015.614	2005.772	1993.381	0	0
2017-10-10 10:45:00	2014.597	2015.391	2013.585	2015.283	2015.592	2005.467	1993.178	0	0
2017-10-10 10:40:00	2014.932	2015.270	2014.596	2014.605	2015.584	2005.168	1992.978	0	0
2017-10-10 10:35:00	2013.789	2015.057	2013.452	2015.040	2015.602	2004.891	1992.777	0	0
2017-10-10 10:30:00	2017.415	2017.486	2013.793	2013.939	2015.600	2004.615	1992.578	0	0
2017-10-10 10:25:00	2017.070	2017.599	2016.641	2017.532	2015.605	2004.339	1992.383	0	0
2017-10-10 10:20:00	2018.096	2018.096	2017.061	2017.117	2015.507	2004.030	1992.167	0	0
2017-10-10 10:15:00	2016.353	2018.105	2016.319	2018.036	2015.413	2003.726	1991.951	0	0
2017-10-10 10:10:00	2016.519	2016.865	2016.168	2016.303	2015.303	2003.400	1991.735	0	0
2017-10-10 10:05:00	2017.450	2017.472	2015.792	2016.501	2015.207	2003.097	1991.527	0	0
2017-10-10 10:00:00	2018.700	2018.955	2017.401	2017.401	2015.103	2002.796	1991.310	0	0
2017-10-10 09:55:00	2018.808	2019.155	2018.038	2018.722	2014.986	2002.486	1991.091	0	0
2017-10-10 09:50:00	2015.859	2018.854	2015.859	2018.727	2014.892	2002.168	1990.866	0	0
2017-10-10 09:45:00	2016.945	2017.149	2015.839	2015.908	2014.750	2001.848	1990.644	0	0
2017-10-10 09:40:00	2018.016	2018.384	2016.679	2016.948	2014.650	2001.571	1990.429	0	0
2017-10-10 09:35:00	2016.492	2018.060	2016.388	2017.978	2014.510	2001.291	1990.202	0	0
2017-10-10 09:30:00	2013.247	2016.456	2012.637	2016.454	2014.307	2000.963	1989.970	0	0
2017-10-10 09:25:00	2013.814	2013.814	2013.751	2013.751	2014.161	2000.641	1989.753	0	0
2017-10-09 15:00:00	2014.429	2014.429	2014.429	2014.429	2014.062	2000.362	1989.548	0	0
2017-10-09 14:55:00	2013.613	2014.256	2013.577	2014.145	2013.975	2000.069	1989.338	0	0
2017-10-09 14:50:00	2012.307	2013.727	2012.307	2013.594	2013.967	1999.762	1989.114	0	0
2017-10-09 14:45:00	2010.815	2012.347	2010.777	2012.313	2013.465	1999.448	1988.895	0	0
2017-10-09 14:40:00	2011.809	2011.809	2010.653	2010.867	2012.977	1999.091	1988.683	0	0
2017-10-09 14:35:00	2011.966	2012.053	2011.721	2011.721	2012.501	1998.730	1988.465	0	0
2017-10-09 14:30:00	2011.355	2012.382	2011.328	2011.863	2011.997	1998.359	1988.240	0	0
2017-10-09 14:25:00	2010.308	2011.437	2010.045	2011.437	2011.473	1997.995	1988.014	0	0
2017-10-09 14:20:00	2011.504	2011.584	2010.174	2010.174	2010.968	1997.655	1987.775	0	0
2017-10-09 14:15:00	2012.262	2012.272	2011.500	2011.583	2010.468	1997.347		0	0
2017-10-09 14:10:00	2012.458	2012.737	2012.147	2012.388	2009.923	1997.019		0	0
2017-10-09 14:05:00	2015.968	2016.015	2012.603	2012.603	2009.365	1996.683		0	0
2017-10-09 14:00:00	2016.733	2016.733	2015.969	2016.011	2008.797	1996.370		0	0
2017-10-09 13:55:00	2017.311	2017.874	2016.604	2016.673	2008.141	1996.030		0	0
2017-10-09 13:50:00	2015.720	2017.223	2015.714	2017.223	2007.431	1995.676		0	0
2017-10-09 13:45:00	2016.198	2016.374	2015.697	2015.779	2006.725	1995.324		0	0
2017-10-09 13:40:00	2015.814	2016.254	2015.698	2016.144	2006.086	1994.997		0	0
2017-10-09 13:35:00	2016.067	2016.146	2015.767	2015.844	2005.449	1994.671		0	0
2017-10-09 13:30:00	2016.051	2016.574	2016.051	2016.101	2004.829	1994.339		0	0
2017-10-09 13:25:00	2016.764	2016.769	2015.999	2016.058	2004.178	1993.986		0	0
2017-10-09 13:20:00	2017.884	2017.933	2016.805	2016.805	2003.543	1993.641		0	0
2017-10-09 13:15:00	2017.539	2018.024	2017.380	2017.930	2002.901	1993.290		0	0
2017-10-09 13:10:00	2017.781	2017.814	2017.543	2017.562	2002.240	1992.915		0	0
2017-10-09 13:05:00	2018.319	2018.424	2017.699	2017.795	2001.620	1992.549		0	0
2017-10-09 13:00:00	2018.804	2019.337	2018.262	2018.317	2000.980	1992.191		0	0
2017-10-09 12:55:00	2018.553	2018.553	2018.553	2018.553	2000.317	1991.829		0	0
2017-10-09 11:30:00	2018.523	2018.523	2018.523	2018.523	1999.665	1991.464		0	0
2017-10-09 11:25:00	2016.841	2018.522	2016.834	2018.522	1999.018	1991.110		0	0
2017-10-09 11:20:00	2015.981	2016.848	2015.849	2016.772	1998.360	1990.762		0	0
2017-10-09 11:15:00	2015.349	2016.064	2015.337	2016.011	1997.737	1990.433		0	0
2017-10-09 11:10:00	2015.559	2015.586	2015.327	2015.346	1997.129	1990.108		0	0
2017-10-09 11:05:00	2014.665	2015.591	2014.626	2015.591	1996.534	1989.790		0	0
2017-10-09 11:00:00	2014.941	2015.131	2014.489	2014.681	1995.930	1989.469		0	0
2017-10-09 10:55:00	2015.468	2015.468	2014.790	2014.890	1995.342	1989.154		0	0
2017-10-09 10:50:00	2014.937	2015.925	2014.937	2015.485	1994.752	1988.830		0	0
2017-10-09 10:45:00	2014.141	2015.044	2014.141	2014.976	1994.180	1988.496		0	0
2017-10-09 10:40:00	2012.609	2014.146	2012.510	2014.146	1993.629	1988.151		0	0
2017-10-09 10:35:00	2012.403	2012.799	2012.368	2012.669	1993.074	1987.809		0	0
2017-10-09 10:30:00	2012.461	2012.512	2012.010	2012.420	1992.553	1987.483		0	0
2017-10-09 10:25:00	2011.602	2012.807	2011.520	2012.512	1992.038	1987.166		0	0
2017-10-09 10:20:00	2011.367	2011.657	2011.163	2011.505	1991.496	1986.851		0	0
2017-10-09 10:15:00	2011.587	2011.758	2011.147	2011.309	1990.986	1986.532		0	0
2017-10-09 10:10:00	2014.086	2014.086	2011.556	2011.563	1990.488	1986.213		0	0
2017-10-09 10:05:00	2011.694	2014.084	2011.630	2014.015	1989.985	1985.901		0	0
2017-10-09 10:00:00	2010.894	2011.606	2010.828	2011.606	1989.443	1985.559		0	0
2017-10-09 09:55:00	2009.912	2011.029	2009.823	2010.926	1988.946	1985.225		0	0
2017-10-09 09:50:00	2007.798	2009.959	2007.045	2009.921	1988.491	1984.890		0	0
2017-10-09 09:45:00	2009.120	2009.536	2007.859	2007.859	1988.073	1984.578		0	0
2017-10-09 09:40:00	2008.748	2009.199	2008.012	2009.150	1987.618	1984.284		0	0
2017-10-09 09:35:00	2010.038	2010.516	2008.688	2008.776	1987.121	1983.965		0	0
2017-10-09 09:30:00	2016.335	2018.143	2009.273	2010.075	1986.662	1983.647		0	0
2017-10-09 09:25:00	2013.567	2013.751	2013.567	2013.751	1986.164	1983.320		0	0
2017-09-29 15:00:00	1988.492	1988.492	1988.492	1988.492	1985.557	1982.973		0	0
2017-09-29 14:55:00	1987.053	1987.965	1987.053	1987.931	1985.432	1982.887		0	0
2017-09-29 14:50:00	1986.551	1987.070	1986.338	1987.058	1985.204	1982.789		0	0
2017-09-29 14:45:00	1985.704	1986.609	1985.642	1986.524	1984.959	1982.709		0	0
2017-09-29 14:40:00	1986.139	1986.273	1985.623	1985.674	1984.721	1982.619		0	0
2017-09-29 14:35:00	1985.127	1986.275	1985.114	1986.178	1984.518	1982.555		0	0
2017-09-29 14:30:00	1984.365	1985.151	1984.227	1985.151	1984.341	1982.486		0	0
2017-09-29 14:25:00	1984.430	1984.649	1984.316	1984.369	1984.226	1982.422		0	0
2017-09-29 14:20:00	1984.236	1984.686	1984.172	1984.460	1984.115	1982.367		0	0
2017-09-29 14:15:00	1983.236	1984.198	1983.007	1984.198	1984.001	1982.310		0	0
2017-09-29 14:10:00	1981.199	1983.207	1981.112	1983.207	1983.943	1982.267		0	0
2017-09-29 14:05:00	1981.941	1981.941	1981.115	1981.194	1983.920	1982.229		0	0
2017-09-29 14:00:00	1983.713	1983.731	1981.918	1981.918	1983.922	1982.211		0	0
2017-09-29 13:55:00	1984.268	1984.268	1983.616	1983.858	1983.924	1982.188		0	0
2017-09-29 13:50:00	1984.869	1985.057	1984.259	1984.299	1983.908	1982.167		0	0
2017-09-29 13:45:00	1983.550	1984.839	1983.405	1984.804	1983.892	1982.131		0	0
2017-09-29 13:40:00	1984.347	1984.374	1983.483	1983.590	1983.849	1982.085		0	0
2017-09-29 13:35:00	1984.824	1984.824	1984.302	1984.302	1983.793	1982.055		0	0
2017-09-29 13:30:00	1984.854	1984.860	1984.296	1984.707	1983.738	1982.015		0	0
2017-09-29 13:25:00	1986.558	1986.633	1984.874	1984.874	1983.678	1981.967		0	0
2017-09-29 13:20:00	1985.880	1986.759	1985.783	1986.553	1983.590	1981.916		0	0
2017-09-29 13:15:00	1985.170	1985.834	1985.153	1985.777	1983.478	1981.834		0	0
2017-09-29 13:10:00	1985.930	1985.998	1985.134	1985.175	1983.402	1981.742		0	0
2017-09-29 13:05:00	1986.270	1986.443	1985.947	1985.947	1983.341	1981.652		0	0
2017-09-29 13:00:00	1985.877	1986.447	1985.877	1986.192	1983.264	1981.546		0	0
2017-09-29 12:55:00	1985.633	1985.633	1985.633	1985.633	1983.203	1981.441		0	0
2017-09-29 11:30:00	1985.599	1985.599	1985.599	1985.599	1983.164	1981.359		0	0
2017-09-29 11:25:00	1985.626	1985.894	1985.433	1985.605	1983.129	1981.277		0	0
2017-09-29 11:20:00	1985.416	1985.821	1985.384	1985.589	1983.088	1981.186		0	0
2017-09-29 11:15:00	1985.154	1985.518	1985.040	1985.412	1983.046	1981.092		0	0
2017-09-29 11:10:00	1985.371	1985.371	1984.532	1985.261	1983.008	1980.990		0	0
2017-09-29 11:05:00	1986.941	1986.941	1985.382	1985.394	1982.967	1980.889		0	0
2017-09-29 11:00:00	1987.385	1987.385	1986.877	1986.909	1982.908	1980.787		0	0
2017-09-29 10:55:00	1986.470	1987.471	1986.470	1987.432	1982.811	1980.663		0	0
2017-09-29 10:50:00	1986.526	1986.548	1986.019	1986.379	1982.672	1980.542		0	0
2017-09-29 10:45:00	1986.699	1987.077	1986.556	1986.625	1982.545	1980.427		0	0
2017-09-29 10:40:00	1985.453	1986.690	1985.431	1986.648	1982.413	1980.303		0	0
2017-09-29 10:35:00	1986.030	1986.046	1985.188	1985.451	1982.295	1980.176		0	0
2017-09-29 10:30:00	1986.425	1986.634	1985.987	1985.987	1982.205	1980.070		0	0
2017-09-29 10:25:00	1986.486	1986.694	1986.337	1986.409	1982.078	1979.957		0	0
2017-09-29 10:20:00	1986.865	1986.957	1986.089	1986.393	1981.937	1979.824		0	0
2017-09-29 10:15:00	1986.746	1987.033	1986.560	1986.940	1981.817	1979.696		0	0
2017-09-29 10:10:00	1988.208	1988.208	1986.723	1986.760	1981.674	1979.565		0	0
2017-09-29 10:05:00	1988.995	1989.044	1988.156	1988.156	1981.504	1979.439		0	0
2017-09-29 10:00:00	1985.140	1989.053	1985.140	1989.032	1981.290	1979.288		0	0
2017-09-29 09:55:00	1984.323	1985.098	1983.901	1985.098	1981.083	1979.112		0	0
2017-09-29 09:50:00	1985.769	1985.991	1984.333	1984.333	1980.951	1978.978		0	0
2017-09-29 09:45:00	1985.081	1985.869	1984.879	1985.792	1980.809	1978.865		0	0
2017-09-29 09:40:00	1983.528	1985.220	1983.501	1985.169	1980.633	1978.734		0	0
2017-09-29 09:35:00	1982.141	1984.315	1982.087	1983.429	1980.476	1978.608		0	0
2017-09-29 09:30:00	1978.141	1982.215	1978.141	1982.215	1980.389	1978.467		0	0
2017-09-29 09:25:00	1976.463	1976.557	1976.463	1976.557	1980.342	1978.342		0	0
2017-09-28 15:00:00	1974.783	1974.783	1974.783	1974.783	1980.375	1978.276		0	0
2017-09-28 14:55:00	1975.400	1975.400	1974.654	1974.660	1980.459	1978.200		0	0
2017-09-28 14:50:00	1977.247	1977.247	1975.476	1975.492	1980.517	1978.120		0	0
2017-09-28 14:45:00	1979.425	1979.626	1977.341	1977.341	1980.592	1978.032		0	0
2017-09-28 14:40:00	1978.874	1979.400	1978.309	1979.375	1980.631	1977.895		0	0
2017-09-28 14:35:00	1978.754	1979.439	1978.754	1978.843	1980.618			0	0
2017-09-28 14:30:00	1981.283	1981.283	1978.428	1978.737	1980.618			0	0
2017-09-28 14:25:00	1982.081	1982.136	1981.337	1981.337	1980.619			0	0
2017-09-28 14:20:00	1981.232	1982.199	1981.129	1982.059	1980.591			0	0
2017-09-28 14:15:00	1982.045	1982.066	1981.180	1981.254	1980.538			0	0
2017-09-28 14:10:00	1983.066	1983.066	1982.008	1982.022	1980.500			0	0
2017-09-28 14:05:00	1983.511	1983.656	1982.979	1983.062	1980.452			0	0
2017-09-28 14:00:00	1982.755	1983.544	1982.755	1983.515	1980.426			0	0
2017-09-28 13:55:00	1980.844	1982.683	1980.717	1982.670	1980.370			0	0
2017-09-28 13:50:00	1981.516	1981.573	1980.705	1980.752	1980.321			0	0
2017-09-28 13:45:00	1981.717	1981.980	1981.411	1981.562	1980.318			0	0
2017-09-28 13:40:00	1980.496	1981.762	1980.349	1981.700	1980.293			0	0
2017-09-28 13:35:00	1980.923	1981.261	1980.407	1980.473	1980.257			0	0
2017-09-28 13:30:00	1982.048	1982.048	1980.836	1980.959	1980.242			0	0
2017-09-28 13:25:00	1982.146	1982.540	1981.963	1981.963	1980.191			0	0
2017-09-28 13:20:00	1982.104	1982.256	1981.905	1982.129	1980.082			0	0
2017-09-28 13:15:00	1983.092	1983.163	1982.122	1982.122	1979.964			0	0
2017-09-28 13:10:00	1983.752	1983.917	1983.110	1983.110	1979.827			0	0
2017-09-28 13:05:00	1983.877	1983.895	1983.310	1983.725	1979.680			0	0
2017-09-28 13:00:00	1983.852	1984.656	1983.723	1983.847	1979.555			0	0
2017-09-28 12:55:00	1983.519	1983.519	1983.519	1983.519	1979.424			0	0
2017-09-28 11:30:00	1983.516	1983.516	1983.516	1983.516	1979.284			0	0
2017-09-28 11:25:00	1983.122	1983.516	1982.790	1983.516	1979.138			0	0
2017-09-28 11:20:00	1982.504	1983.192	1982.421	1983.182	1978.972			0	0
2017-09-28 11:15:00	1982.038	1982.508	1981.985	1982.464	1978.812			0	0
2017-09-28 11:10:00	1980.456	1982.053	1980.454	1982.053	1978.666			0	0
2017-09-28 11:05:00	1980.042	1980.558	1979.693	1980.469	1978.516			0	0
2017-09-28 11:00:00	1980.068	1980.274	1979.997	1980.032	1978.412			0	0
2017-09-28 10:55:00	1980.773	1980.831	1980.030	1980.065	1978.309			0	0
2017-09-28 10:50:00	1980.860	1981.260	1980.633	1980.730	1978.193			0	0
2017-09-28 10:45:00	1979.667	1980.932	1979.616	1980.932	1978.056			0	0
2017-09-28 10:40:00	1979.321	1979.718	1979.090	1979.670	1977.934			0	0
2017-09-28 10:35:00	1980.383	1980.446	1979.075	1979.338	1977.835			0	0
2017-09-28 10:30:00	1979.850	1980.594	1979.748	1980.398	1977.711			0	0
2017-09-28 10:25:00	1978.118	1979.807	1978.072	1979.807	1977.575			0	0
2017-09-28 10:20:00	1977.472	1978.220	1977.404	1978.220	1977.456			0	0
2017-09-28 10:15:00	1978.692	1978.692	1977.219	1977.463	1977.375			0	0
2017-09-28 10:10:00	1978.433	1979.141	1978.390	1978.709	1977.286			0	0
2017-09-28 10:05:00	1977.306	1978.541	1977.279	1978.467	1977.141			0	0
2017-09-28 10:00:00	1976.845	1977.242	1976.054	1977.242	1977.006			0	0
2017-09-28 09:55:00	1977.335	1977.724	1976.973	1976.973	1976.922			0	0
2017-09-28 09:50:00	1979.065	1979.065	1977.150	1977.349	1976.836			0	0
2017-09-28 09:45:00	1979.788	1979.981	1979.028	1979.048	1976.739			0	0
2017-09-28 09:40:00	1978.130	1979.996	1978.130	1979.867	1976.545			0	0
2017-09-28 09:35:00	1978.971	1979.143	1977.976	1978.209	1976.342			0	0
2017-09-28 09:30:00	1977.299	1979.011	1976.343	1979.011	1976.177			0	0
2017-09-28 09:25:00	1977.559	1977.559	1977.536	1977.536	1975.941			0	0
2017-09-27 15:00:00	1979.280	1979.280	1979.280	1979.280	1975.724			0	0
2017-09-27 14:55:00	1978.829	1979.260	1978.567	1979.259	1975.472			0	0
2017-09-27 14:50:00	1978.834	1978.952	1978.571	1978.737	1975.160			0	0
2017-09-27 14:45:00	1978.806	1978.851	1978.404	1978.851				0	0
2017-09-27 14:40:00	1980.075	1980.075	1978.757	1978.757				0	0
2017-09-27 14:35:00	1979.498	1980.093	1979.437	1979.974				0	0
2017-09-27 14:30:00	1979.341	1979.551	1979.057	1979.413				0	0
2017-09-27 14:25:00	1979.609	1979.681	1979.355	1979.355				0	0
2017-09-27 14:20:00	1981.701	1981.749	1979.596	1979.596				0	0
2017-09-27 14:15:00	1980.693	1982.159	1980.693	1981.762				0	0
2017-09-27 14:10:00	1980.188	1980.772	1980.181	1980.700				0	0
2017-09-27 14:05:00	1980.593	1980.693	1980.124	1980.245				0	0
2017-09-27 14:00:00	1980.371	1980.756	1980.371	1980.573				0	0
2017-09-27 13:55:00	1979.961	1980.411	1979.759	1980.334				0	0
2017-09-27 13:50:00	1979.751	1980.090	1979.698	1979.888				0	0
2017-09-27 13:45:00	1978.488	1979.734	1978.427	1979.734				0	0
2017-09-27 13:40:00	1976.575	1978.413	1976.463	1978.413				0	0
2017-09-27 13:35:00	1976.286	1976.527	1976.127	1976.520				0	0
2017-09-27 13:30:00	1975.266	1976.378	1975.252	1976.230				0	0
2017-09-27 13:25:00	1975.813	1975.813	1975.185	1975.285				0	0
2017-09-27 13:20:00	1977.463	1977.514	1975.740	1975.740				0	0
2017-09-27 13:15:00	1977.384	1977.632	1977.282	1977.458				0	0
2017-09-27 13:10:00	1976.619	1977.365	1976.467	1977.313				0	0
2017-09-27 13:05:00	1976.246	1976.571	1976.026	1976.512				0	0
2017-09-27 13:00:00	1975.508	1976.827	1975.508	1976.213				0	0
2017-09-27 12:55:00	1975.202	1975.202	1975.202	1975.202				0	0
2017-09-27 11:30:00	1975.194	1975.194	1975.194	1975.194				0	0
2017-09-27 11:25:00	1974.557	1975.187	1974.430	1975.187				0	0
2017-09-27 11:20:00	1975.286	1975.365	1974.526	1974.526				0	0
2017-09-27 11:15:00	1974.844	1975.321	1974.733	1975.290				0	0
2017-09-27 11:10:00	1974.290	1975.047	1974.232	1974.854				0	0
2017-09-27 11:05:00	1973.886	1974.407	1973.848	1974.277				0	0
2017-09-27 11:00:00	1974.894	1974.911	1973.605	1973.887				0	0
2017-09-27 10:55:00	1974.685	1975.072	1974.655	1974.858				0	0
2017-09-27 10:50:00	1973.206	1974.709	1973.112	1974.709				0	0
2017-09-27 10:45:00	1973.611	1973.646	1973.123	1973.123				0	0
2017-09-27 10:40:00	1973.824	1973.862	1973.598	1973.600				0	0
2017-09-27 10:35:00	1974.256	1974.421	1973.621	1973.858				0	0
2017-09-27 10:30:00	1973.080	1974.234	1973.080	1974.187				0	
2017-09-27 10:25:00	1971.475	1973.006	1971.460	1973.006				0	
2017-09-27 10:20:00	1971.745	1971.814	1971.138	1971.432				0	
2017-09-27 10:15:00	1972.929	1973.002	1971.732	1971.732				0	
2017-09-27 10:10:00	1972.686	1973.070	1972.533	1973.020				0	
2017-09-27 10:05:00	1972.588	1972.942	1972.325	1972.696				0	
2017-09-27 10:00:00	1969.339	1972.506	1969.339	1972.506				0	
2017-09-27 09:55:00	1969.735	1969.944	1969.285	1969.324				0	
2017-09-27 09:50:00	1969.912	1970.340	1969.722	1969.722				0	
2017-09-27 09:45:00	1967.274	1969.992	1967.141	1969.992				0	
2017-09-27 09:40:00	1966.750	1967.208	1965.857	1967.208				0	
2017-09-27 09:35:00	1966.561	1967.188	1966.560	1966.678				0	
2017-09-27 09:30:00	1964.187	1966.661	1964.187	1966.661				0	
2017-09-27 09:25:00	1963.612	1963.649	1963.612	1963.649				0	
